1.24 0 -0.00798468 -0.103561 0.505484 -0.0251558 0.709464 -0.704258 -0.00700436
1.28 0 -0.00777088 -0.103842 0.506437 -0.0328281 0.708819 -0.704467 -0.0150027
1.32 0 -0.00786987 -0.10381 0.506418 -0.034112 0.708422 -0.70481 -0.0147654
1.36 0 -0.00776975 -0.103679 0.505629 -0.0269514 0.708811 -0.704818 -0.00961283
1.4 0 -0.00795619 -0.103443 0.504632 -0.0241946 0.709322 -0.704336 -0.013711
1.44 0 -0.00790073 -0.103624 0.505833 -0.0278451 0.708931 -0.704667 -0.00927873
1.48 0 -0.00784867 -0.103641 0.505778 -0.0310366 0.708757 -0.704656 -0.0126906
1.52 0 -0.00779895 -0.103631 0.505736 -0.0303548 0.70861 -0.7048 -0.0144002
1.56 0 -0.00780288 -0.103647 0.505605 -0.0295166 0.70863 -0.704935 -0.00624641
1.6 0 -0.00783838 -0.103634 0.50563 -0.0292905 0.708984 -0.704493 -0.0131629
1.64 0 -0.00779667 -0.1037 0.506074 -0.0289265 0.709046 -0.7045 -0.00984162
1.68 0 -0.00782734 -0.103792 0.50648 -0.0315557 0.708912 -0.704525 -0.00958619
1.72 0 -0.00782575 -0.103808 0.506062 -0.0314322 0.708904 -0.704532 -0.0100688
1.76 0 -0.00786936 -0.103817 0.505927 -0.0281078 0.709198 -0.704387 -0.00938121
1.8 0 -0.00789139 -0.103717 0.505894 -0.0285126 0.709102 -0.704489 -0.00754007
1.84 0 -0.00772189 -0.103935 0.506377 -0.0295769 0.708534 -0.705001 -0.00883435
1.88 0 -0.00788522 -0.103736 0.506073 -0.028361 0.709498 -0.704067 -0.00984747
1.92 0 -0.00782154 -0.103875 0.506495 -0.0291155 0.709128 -0.704415 -0.00944822
1.96 0 -0.00781733 -0.103837 0.506448 -0.0298419 0.709179 -0.704308 -0.0111793
2 0 -0.00770523 -0.103894 0.506269 -0.0320154 0.708331 -0.705077 -0.0104592
2.04 0 -0.0079275 -0.103747 0.506634 -0.0340849 0.709163 -0.704126 -0.0115078
2.08 0 -0.00792387 -0.103598 0.505673 -0.0305646 0.709038 -0.704388 -0.0129906
2.12 0 -0.00773844 -0.103762 0.506057 -0.0320431 0.708375 -0.704874 -0.0181703
2.16 0 -0.00785605 -0.10369 0.506219 -0.0331949 0.70886 -0.704477 -0.011299
2.2 0 -0.00789264 -0.103595 0.505569 -0.0285654 0.708926 -0.704638 -0.00961968
2.24 0 -0.00788044 -0.103706 0.506279 -0.0318337 0.708878 -0.704502 -0.0124937
2.28 0 -0.00780171 -0.103759 0.506153 -0.0323746 0.708362 -0.705054 -0.00856857
2.32 0 -0.00787519 -0.103683 0.505953 -0.0306493 0.709108 -0.704335 -0.0117618
2.36 0 -0.00773561 -0.103833 0.506031 -0.03147 0.708369 -0.704961 -0.0158905
2.4 0 -0.007806 -0.103881 0.506631 -0.0334085 0.708628 -0.704708 -0.0108326
2.44 0 -0.00786543 -0.103657 0.505127 -0.0246786 0.709303 -0.704407 -0.00950193
2.48 0 -0.00783106 -0.103603 0.505658 -0.0269508 0.709445 -0.704191 -0.00872351
2.52 0 -0.00779362 -0.103717 0.505871 -0.0312537 0.708954 -0.704437 -0.0132552
2.56 0 -0.00800405 -0.103567 0.505428 -0.0285652 0.708984 -0.704576 -0.00986536
2.6 0 -0.00782549 -0.103715 0.505842 -0.0302954 0.708886 -0.704577 -0.0116213
2.64 0 -0.00778289 -0.103655 0.505697 -0.0293197 0.708798 -0.704738 -0.00945396
2.68 0 -0.00784045 -0.103675 0.50548 -0.0291363 0.708753 -0.704752 -0.0120857
2.72 0 -0.00774919 -0.103809 0.506353 -0.0322824 0.708534 -0.704834 -0.0120462
2.76 0 -0.00775837 -0.10376 0.506049 -0.0300327 0.708396 -0.705065 -0.0125207
2.8 0 -0.00786429 -0.103668 0.505853 -0.0309232 0.708928 -0.704476 -0.0133771
2.84 0 -0.00785552 -0.103717 0.505705 -0.0240937 0.709017 -0.704742 -0.00727305
2.88 0 -0.00779174 -0.103755 0.505898 -0.0306527 0.708604 -0.704844 -0.0116688
2.92 0 -0.00772534 -0.103997 0.506581 -0.0313648 0.708329 -0.705125 -0.00918977
2.96 0 -0.00788575 -0.103691 0.50559 -0.0274889 0.709146 -0.704459 -0.00967717
3 0 -0.00782178 -0.103709 0.505936 -0.0285206 0.709227 -0.704326 -0.0104106
3.04 0 -0.00791555 -0.103713 0.505889 -0.030205 0.709116 -0.704369 -0.0102886
3.08 0 -0.00791093 -0.103671 0.505325 -0.0275623 0.708909 -0.704577 -0.0161025
3.12 0 -0.00785961 -0.103758 0.505936 -0.0278355 0.708939 -0.704679 -0.00767855
3.16 0 -0.00777771 -0.103739 0.505857 -0.0282617 0.708677 -0.704862 -0.0121262
3.2 0 -0.00794176 -0.103479 0.504979 -0.0269666 0.708952 -0.70464 -0.0119607
3.24 0 -0.00782384 -0.10364 0.505624 -0.028953 0.708963 -0.704558 -0.0114365
3.28 0 -0.0078311 -0.103607 0.505638 -0.0297467 0.708773 -0.704735 -0.0102275
3.32 0 -0.00776508 -0.10374 0.505608 -0.031413 0.708313 -0.705084 -0.012736
3.36 0 -0.00774955 -0.103654 0.505855 -0.0294371 0.708639 -0.704858 -0.0118602
3.4 0 -0.00785157 -0.103737 0.506477 -0.0323294 0.709003 -0.70441 -0.00871436
3.44 0 -0.0079208 -0.103579 0.505932 -0.0288242 0.709218 -0.704318 -0.0107435
3.48 0 -0.0078709 -0.103676 0.505892 -0.0290451 0.708975 -0.704567 -0.00983288
3.52 0 -0.00789104 -0.103792 0.506333 -0.0315813 0.708918 -0.704428 -0.0147944
3.56 0 -0.00782977 -0.10372 0.505392 -0.027405 0.708603 -0.704969 -0.012243
3.6 0 -0.00794581 -0.103693 0.505215 -0.0264374 0.708788 -0.704807 -0.0129474
3.64 0 -0.00788498 -0.103759 0.506059 -0.0300876 0.709051 -0.704408 -0.0122884
3.68 0 -0.00782447 -0.103764 0.505555 -0.0281903 0.708817 -0.704722 -0.0122709
3.72 0 -0.00787318 -0.103923 0.506175 -0.0321523 0.708585 -0.704842 -0.00841328
3.76 0 -0.00786636 -0.103809 0.506119 -0.0310315 0.708594 -0.704853 -0.0106558
3.8 0 -0.00778538 -0.103934 0.506181 -0.0321859 0.708283 -0.705037 -0.0149051
3.84 0 -0.0078739 -0.103728 0.50555 -0.0287134 0.708974 -0.704559 -0.0113009
3.88 0 -0.00787551 -0.103642 0.505825 -0.0302611 0.708924 -0.704572 -0.00943463
3.92 0 -0.00788977 -0.10371 0.505656 -0.0287512 0.70867 -0.704884 -0.00991143
3.96 0 -0.00787672 -0.103732 0.505492 -0.0277295 0.708747 -0.704857 -0.00924725
4 0 -0.00782816 -0.103774 0.506288 -0.0329025 0.708375 -0.704951 -0.0129238
4.04 0 -0.00791228 -0.103492 0.505296 -0.0276251 0.708957 -0.704624 -0.0110089
4.08 0 -0.0078518 -0.103644 0.505885 -0.029998 0.708895 -0.704584 -0.011351
4.12 0 -0.00786043 -0.103558 0.505468 -0.0305381 0.708562 -0.704963 -0.00587814
4.16 0 -0.00788553 -0.103549 0.505077 -0.0275347 0.708826 -0.70478 -0.00960712
4.2 0 -0.00775376 -0.103813 0.506158 -0.0314543 0.708292 -0.705116 -0.012057
4.24 0 -0.00793119 -0.103652 0.505771 -0.0291106 0.70914 -0.70439 -0.0103317
4.28 0 -0.00782919 -0.103707 0.506282 -0.0322839 0.708907 -0.704502 -0.00921252
4.32 0 -0.00776556 -0.103916 0.506007 -0.0293175 0.708356 -0.705166 -0.0106035
4.36 0 -0.00781003 -0.103745 0.505216 -0.0258237 0.708734 -0.704895 -0.0123187
4.4 0 -0.00773737 -0.104052 0.506891 -0.033648 0.708291 -0.705072 -0.00811186
4.44 0 -0.00784546 -0.103853 0.505808 -0.0267435 0.709034 -0.704499 -0.0153631
4.48 0 -0.00781036 -0.103903 0.506187 -0.0301373 0.708841 -0.704688 -0.00709831
4.52 0 -0.0077905 -0.103935 0.506443 -0.0316147 0.708956 -0.704475 -0.00983013
4.56 0 -0.0077545 -0.103929 0.506038 -0.0286887 0.70859 -0.704944 -0.0114812
4.6 0 -0.00790952 -0.103733 0.505732 -0.0289469 0.709061 -0.704454 -0.0117746
4.64 0 -0.00791445 -0.10372 0.505893 -0.0284736 0.708993 -0.704564 -0.0104286
4.68 0 -0.00791774 -0.10356 0.505532 -0.0287948 0.709008 -0.70456 -0.00858737
4.72 0 -0.00783964 -0.103624 0.505654 -0.027095 0.709071 -0.704585 -0.00662705
4.76 0 -0.00781622 -0.103629 0.505693 -0.0292193 0.708503 -0.705056 -0.00807693
4.8 0 -0.00791233 -0.103524 0.505523 -0.0322019 0.708709 -0.704652 -0.0126233
4.84 0 -0.00786569 -0.103504 0.505329 -0.0284888 0.709096 -0.704442 -0.0115278
4.88 0 -0.00800265 -0.103431 0.505064 -0.0267625 0.709336 -0.704285 -0.0103944
4.92 0 -0.00783053 -0.103724 0.506002 -0.0303357 0.70863 -0.704899 -0.00644
4.96 0 -0.00783173 -0.10387 0.506799 -0.0328517 0.708264 -0.705152 -0.00659134
5 0 -0.00793933 -0.103522 0.505046 -0.0259558 0.709106 -0.704542 -0.0107493
5.04 0 -0.0078698 -0.103747 0.506102 -0.0302156 0.709176 -0.704307 -0.0104326
5.08 0 -0.00790352 -0.103796 0.506325 -0.0293799 0.709128 -0.704426 -0.0076254
5.12 0 -0.00779049 -0.103815 0.505773 -0.0288895 0.708833 -0.704637 -0.0144213
5.16 0 -0.0079089 -0.103864 0.506361 -0.0299122 0.709235 -0.704302 -0.0070769
5.2 0 -0.00769706 -0.104072 0.506868 -0.0316002 0.708378 -0.705036 -0.0111892
5.24 0 -0.00779344 -0.103948 0.506355 -0.0303687 0.708753 -0.704706 -0.0116854
5.28 0 -0.00797798 -0.103705 0.505626 -0.0261043 0.709517 -0.704166 -0.00733461
5.32 0 -0.00780001 -0.10379 0.50579 -0.0267811 0.709283 -0.704267 -0.0144407
5.36 0 -0.00770636 -0.104003 0.506372 -0.0315891 0.707785 -0.705668 -0.00863293
5.4 0 -0.00786242 -0.103819 0.506116 -0.0328779 0.708481 -0.704892 -0.0100796
5.44 0 -0.0079199 -0.103579 0.505894 -0.0308401 0.709301 -0.704159 -0.0100413
5.48 0 -0.00787115 -0.103692 0.506201 -0.0307715 0.708999 -0.704422 -0.0127683
5.52 0 -0.00795489 -0.10354 0.505616 -0.0284567 0.709144 -0.70442 -0.00985939
5.56 0 -0.00776766 -0.103795 0.505902 -0.031519 0.708206 -0.705228 -0.010241
5.6 0 -0.00789819 -0.103525 0.505578 -0.0297724 0.708762 -0.70476 -0.00913618
5.64 0 -0.00773433 -0.103693 0.506535 -0.0307161 0.708894 -0.704592 -0.00870161
5.68 0 -0.00791639 -0.103671 0.505973 -0.0287955 0.709172 -0.704288 -0.0150158
5.72 0 -0.00789417 -0.10349 0.50534 -0.0278955 0.708764 -0.704766 -0.0134348
5.76 0 -0.00790682 -0.103645 0.505801 -0.0301848 0.709064 -0.704413 -0.0108882
5.8 0 -0.0079091 -0.103691 0.505616 -0.0304621 0.708655 -0.70482 -0.0104641
5.84 0 -0.00787208 -0.103768 0.505855 -0.032 0.708555 -0.704883 -0.00810435
5.88 0 -0.00777052 -0.103885 0.506088 -0.0322008 0.708757 -0.704659 -0.00907265
5.92 0 -0.00775423 -0.104073 0.507136 -0.0337174 0.708459 -0.704919 -0.00619671
5.96 0 -0.00759287 -0.104116 0.506661 -0.0337672 0.70805 -0.705289 -0.00965332
6 0 -0.00787932 -0.103869 0.506054 -0.0305306 0.708985 -0.704457 -0.0121849
6.04 0 -0.00791978 -0.103792 0.505478 -0.0254386 0.709341 -0.704338 -0.0097674
6.08 0 -0.00777411 -0.103932 0.506356 -0.0331877 0.708704 -0.704585 -0.014082
6.12 0 -0.00791443 -0.103907 0.50613 -0.0322875 0.708882 -0.704513 -0.0102762
6.16 0 -0.00779895 -0.1037 0.505811 -0.0294476 0.709126 -0.704383 -0.0108493
6.2 0 -0.00777266 -0.103888 0.506156 -0.0302698 0.708774 -0.704709 -0.0103881
6.24 0 -0.00781068 -0.103767 0.506194 -0.0294677 0.709359 -0.704167 -0.00946006
6.28 0 -0.00773316 -0.10375 0.50598 -0.0311606 0.708862 -0.704583 -0.010278
6.32 0 -0.00788648 -0.10364 0.505526 -0.0266928 0.709018 -0.704615 -0.00992519
6.36 0 -0.0078606 -0.10363 0.505501 -0.0288963 0.709141 -0.704385 -0.0112134
6.4 0 -0.00792066 -0.103642 0.505748 -0.0291091 0.708772 -0.704761 -0.0103627
6.44 0 -0.00799517 -0.103696 0.505725 -0.0297934 0.70839 -0.705154 -0.00730587
6.48 0 -0.00805349 -0.103625 0.505519 -0.024814 0.709051 -0.704526 -0.0165849
6.52 0 -0.00794297 -0.103558 0.505513 -0.0301831 0.708353 -0.705092 -0.0130557
6.56 0 -0.00782283 -0.103652 0.50584 -0.0345723 0.707992 -0.705219 -0.0147762
6.6 0 -0.00772134 -0.103426 0.505431 -0.0270634 0.709356 -0.704274 -0.00894038
6.64 0 -0.00764283 -0.103517 0.505903 -0.0286072 0.708812 -0.704808 -0.003513
6.68 0 -0.00779924 -0.103621 0.506225 -0.0319136 0.708959 -0.704471 -0.00892278
6.72 0 -0.00791922 -0.103532 0.505755 -0.0291318 0.709221 -0.704331 -0.0086546
6.76 0 -0.00769448 -0.103877 0.506757 -0.0340292 0.708447 -0.704861 -0.0107822
6.8 0 -0.0078831 -0.103551 0.505867 -0.0298124 0.709368 -0.704077 -0.0135282
6.84 0 -0.00775135 -0.103714 0.505224 -0.0250137 0.709174 -0.704486 -0.012088
6.88 0 -0.0074915 -0.103905 0.505904 -0.0274642 0.708987 -0.704582 -0.0121479
6.92 0 -0.00749665 -0.104029 0.506169 -0.0281723 0.708704 -0.704785 -0.0149183
6.96 0 -0.00764919 -0.104 0.506599 -0.0294087 0.708998 -0.704541 -0.00888741
7 0 -0.00764545 -0.104131 0.506062 -0.0278552 0.708948 -0.704594 -0.0127784
7.04 0 -0.00769025 -0.103949 0.505495 -0.023786 0.708976 -0.704779 -0.00862515
7.08 0 -0.00771213 -0.103971 0.506042 -0.0279345 0.709219 -0.704338 -0.0117197
7.12 0 -0.00763679 -0.103798 0.505527 -0.0255599 0.709339 -0.704323 -0.0107175
7.16 0 -0.00769425 -0.103646 0.505811 -0.0271503 0.709695 -0.703916 -0.00987108
7.2 0 -0.00747866 -0.10379 0.505523 -0.0235481 0.709004 -0.704743 -0.00980642
7.24 0 -0.00758341 -0.103658 0.505617 -0.0274961 0.708831 -0.704782 -0.00923573
7.28 0 -0.00775517 -0.103457 0.505334 -0.0258383 0.709185 -0.704438 -0.012537
7.32 0 -0.00769652 -0.1036 0.505534 -0.027739 0.708743 -0.7048 -0.0130993
7.36 0 -0.00776239 -0.1035 0.505595 -0.0307892 0.70879 -0.704594 -0.0146989
7.4 0 -0.00764293 -0.103633 0.505862 -0.0303092 0.708593 -0.704921 -0.00791666
7.44 0 -0.00759382 -0.103647 0.50561 -0.0303692 0.708389 -0.705039 -0.0135372
7.48 0 -0.00767281 -0.103621 0.506225 -0.0294201 0.709226 -0.704294 -0.0101491
7.52 0 -0.00764185 -0.103819 0.506702 -0.030838 0.708983 -0.704483 -0.0097917
7.56 0 -0.00777269 -0.103686 0.506172 -0.0301843 0.709277 -0.704226 -0.00896631
7.6 0 -0.0077066 -0.103743 0.506414 -0.0320568 0.708854 -0.704503 -0.013192
7.64 0 -0.00777988 -0.103805 0.505982 -0.0304332 0.708873 -0.70459 -0.0112451
7.68 0 -0.00755992 -0.104032 0.506647 -0.0297832 0.70888 -0.704613 -0.0110489
7.72 0 -0.00765042 -0.103812 0.505813 -0.0275543 0.709177 -0.704423 -0.00985217
7.76 0 -0.00751221 -0.104107 0.506457 -0.0299353 0.708297 -0.705158 -0.0131251
7.8 0 -0.00762228 -0.103995 0.506366 -0.0302801 0.708683 -0.7048 -0.0104289
7.84 0 -0.0077242 -0.103956 0.506462 -0.0323856 0.708178 -0.705205 -0.010947
7.88 0 -0.00792084 -0.10367 0.505664 -0.0279381 0.709458 -0.704077 -0.0127805
7.92 0 -0.00784947 -0.103561 0.50534 -0.0299835 0.708964 -0.704556 -0.00848076
7.96 0 -0.00767702 -0.103724 0.506267 -0.0307267 0.708615 -0.704861 -0.00954839
8 0 -0.00761447 -0.103581 0.505685 -0.0310025 0.708569 -0.704907 -0.00867345
8.04 0 -0.00770899 -0.103477 0.505462 -0.0307449 0.708196 -0.705254 -0.0114043
8.08 0 -0.00797004 -0.103138 0.504623 -0.0249216 0.709086 -0.704605 -0.0103668
8.12 0 -0.00798244 -0.103187 0.504641 -0.0270687 0.70872 -0.704869 -0.0119779
8.16 0 -0.0079473 -0.10317 0.505165 -0.0267272 0.709327 -0.704353 -0.00514867
8.2 0 -0.00775355 -0.103264 0.505451 -0.0293904 0.708833 -0.704683 -0.0106671
8.24 0 -0.00775472 -0.103293 0.505288 -0.0298648 0.70879 -0.704711 -0.0103966
8.28 0 -0.00768587 -0.103641 0.505381 -0.030271 0.707784 -0.705697 -0.0108545
8.32 0 -0.00775645 -0.10348 0.505547 -0.0275498 0.709034 -0.704565 -0.0100277
8.36 0 -0.00770167 -0.103675 0.50582 -0.0279383 0.708634 -0.704956 -0.00972849
8.4 0 -0.0077145 -0.103658 0.505275 -0.0277302 0.708468 -0.705125 -0.0101566
8.44 0 -0.0076578 -0.103748 0.506125 -0.0271664 0.709477 -0.704141 -0.00947124
8.48 0 -0.00774136 -0.103819 0.506308 -0.0303404 0.709539 -0.703945 -0.00979333
8.52 0 -0.00759816 -0.10404 0.506422 -0.0269582 0.709383 -0.704256 -0.0084919
8.56 0 -0.00759045 -0.104145 0.506258 -0.0284641 0.708701 -0.70487 -0.00959973
8.6 0 -0.00770902 -0.10404 0.506795 -0.0307339 0.708905 -0.704548 -0.0109824
8.64 0 -0.00782108 -0.103886 0.506025 -0.0293503 0.709318 -0.70418 -0.0117235
8.68 0 -0.00781246 -0.103871 0.506646 -0.0308535 0.709356 -0.704105 -0.00993016
8.72 0 -0.00748573 -0.104007 0.506931 -0.0316291 0.708371 -0.705038 -0.0114661
8.76 0 -0.0076446 -0.103584 0.505517 -0.0260134 0.709408 -0.704225 -0.011392
8.8 0 -0.0075105 -0.103658 0.505592 -0.0302782 0.70855 -0.704941 -0.0099192
8.84 0 -0.00781771 -0.103306 0.50545 -0.0279258 0.709423 -0.70418 -0.00836062
8.88 0 -0.00767523 -0.103414 0.505035 -0.0303406 0.70817 -0.705333 -0.00891171
8.92 0 -0.00783681 -0.103261 0.505053 -0.0282048 0.709143 -0.704419 -0.0107357
8.96 0 -0.00777004 -0.103343 0.505428 -0.0289228 0.708741 -0.704789 -0.0110794
9 0 -0.00761406 -0.103444 0.505439 -0.0290459 0.708318 -0.705268 -0.00628376
9.04 0 -0.00776417 -0.10341 0.505591 -0.0282226 0.70908 -0.704464 -0.0118326
9.08 0 -0.00784447 -0.103469 0.505673 -0.0291073 0.709144 -0.70441 -0.00865187
9.12 0 -0.00800447 -0.103373 0.505279 -0.0280321 0.709251 -0.704317 -0.0106667
9.16 0 -0.00777054 -0.10352 0.505509 -0.0303495 0.708541 -0.704824 -0.0164681
9.2 0 -0.00796443 -0.103581 0.505339 -0.0300954 0.708961 -0.704486 -0.0129899
9.24 0 -0.00782778 -0.103565 0.505102 -0.0261933 0.709071 -0.704562 -0.0111967
9.28 0 -0.00770899 -0.103682 0.505542 -0.0281827 0.708656 -0.704863 -0.0134363
9.32 0 -0.0077317 -0.1038 0.506611 -0.0334526 0.708505 -0.704839 -0.010183
9.36 0 -0.00789168 -0.103538 0.505451 -0.0289527 0.70895 -0.70457 -0.0114834
9.4 0 -0.00783287 -0.103788 0.506611 -0.0343592 0.708305 -0.705029 -0.00759696
9.44 0 -0.0079224 -0.103795 0.506111 -0.0311925 0.708181 -0.705262 -0.0105928
9.48 0 -0.00813725 -0.103364 0.504893 -0.0264801 0.709054 -0.704521 -0.0138085
9.52 0 -0.00789162 -0.103426 0.505382 -0.0300432 0.708611 -0.704919 -0.00752951
9.56 0 -0.00794262 -0.103299 0.504655 -0.0277924 0.708628 -0.704951 -0.0108612
9.6 0 -0.00800839 -0.10329 0.504941 -0.0304806 0.708352 -0.705119 -0.0107634
9.64 0 -0.00801665 -0.103354 0.505232 -0.0314837 0.707874 -0.70561 -0.00614747
9.68 0 -0.0080831 -0.103268 0.505074 -0.0315385 0.70798 -0.705434 -0.0115234
9.72 0 -0.00828517 -0.103088 0.504393 -0.0240547 0.70894 -0.70477 -0.0111886
9.76 0 -0.00825073 -0.103123 0.504606 -0.0251213 0.709375 -0.704299 -0.0109152
9.8 0 -0.00799339 -0.103533 0.505788 -0.0317844 0.708422 -0.704955 -0.0128748
9.84 0 -0.00801838 -0.103362 0.505011 -0.026774 0.708693 -0.704943 -0.00957453
9.88 0 -0.0081118 -0.103481 0.505588 -0.0266354 0.708962 -0.704641 -0.0120206
9.92 0 -0.00831293 -0.103298 0.505024 -0.0270472 0.709106 -0.704515 -0.00979562
9.96 0 -0.0082526 -0.103508 0.504906 -0.0258674 0.708746 -0.704909 -0.0106227
10 0 -0.00828274 -0.103564 0.505363 -0.0261323 0.708815 -0.704861 -0.00828453
10.04 0 -0.00849317 -0.103401 0.504942 -0.0246131 0.709262 -0.704486 -0.00642338
10.08 0 -0.00855502 -0.103586 0.505214 -0.0241032 0.709586 -0.704086 -0.0130199
10.12 0 -0.00876587 -0.103513 0.505396 -0.0264785 0.709461 -0.704174 -0.0101668
10.16 0 -0.00874549 -0.103717 0.506137 -0.0300632 0.709309 -0.704145 -0.0125243
10.2 0 -0.00888052 -0.103866 0.506109 -0.0283665 0.709305 -0.704244 -0.0110374
10.24 0 -0.0090581 -0.103826 0.505821 -0.0250926 0.709131 -0.704583 -0.00813211
10.28 0 -0.0102487 -0.103924 0.505688 -0.0271193 0.709072 -0.704492 -0.0131324
10.32 0 -0.0117794 -0.103896 0.505245 -0.0212689 0.710017 -0.703698 -0.0152414
10.36 0 -0.0132259 -0.104164 0.50661 -0.0257674 0.709867 -0.703768 -0.0116229
10.4 0 -0.0145096 -0.104247 0.506521 -0.0253086 0.710228 -0.703464 -0.00856808
10.44 0 -0.0146955 -0.104711 0.50788 -0.0295276 0.709649 -0.703882 -0.00878823
10.48 0 -0.0146014 -0.105008 0.508274 -0.0335739 0.708706 -0.704584 -0.0130316
10.52 0 -0.0147224 -0.105371 0.509362 -0.0361042 0.708884 -0.704329 -0.0100585
10.56 0 -0.0153507 -0.105356 0.508257 -0.0324169 0.708481 -0.704857 -0.0134342
10.6 0 -0.0189912 -0.105101 0.506349 -0.0220165 0.709731 -0.703984 -0.014263
10.64 0 -0.0239646 -0.105217 0.507648 -0.0260565 0.709907 -0.703741 -0.0100786
10.68 0 -0.0288459 -0.105406 0.508023 -0.029692 0.708908 -0.704624 -0.00848572
10.72 0 -0.0341197 -0.105084 0.508242 -0.033322 0.709554 -0.703833 -0.00653423
10.76 0 -0.0393343 -0.105013 0.507321 -0.0312128 0.709445 -0.70396 -0.0123822
10.8 0 -0.0453142 -0.104836 0.507262 -0.0300863 0.709288 -0.704227 -0.00833975
10.84 0 -0.0524008 -0.10429 0.505986 -0.0291694 0.710225 -0.703341 -0.00642344
10.88 0 -0.0605493 -0.104156 0.506164 -0.0341755 0.71011 -0.70323 -0.00661769
10.92 0 -0.0693389 -0.104163 0.50606 -0.0362008 0.709459 -0.703792 -0.00576832
10.96 0 -0.077967 -0.103963 0.505771 -0.0349127 0.710021 -0.703296 -0.00512258
11 0 -0.0865288 -0.103895 0.506145 -0.0384505 0.710262 -0.702882 -0.00269245
11.04 0 -0.095004 -0.104166 0.506602 -0.0418547 0.710357 -0.702575 -0.00545069
11.08 0 -0.102743 -0.104241 0.505357 -0.0374651 0.710023 -0.70318 -0.00127878
11.12 0 -0.110413 -0.104441 0.506128 -0.0428604 0.709922 -0.702973 -0.00135985
11.16 0 -0.118068 -0.104818 0.506501 -0.0400396 0.709862 -0.703202 0.000672582
11.2 0 -0.12565 -0.104832 0.50621 -0.040522 0.71057 -0.702446 -0.00413224
11.24 0 -0.132955 -0.104945 0.507038 -0.0490185 0.709683 -0.702811 0.00218108
11.28 0 -0.140268 -0.104626 0.506055 -0.0485882 0.71036 -0.70216 0.000251162
11.32 0 -0.147462 -0.104772 0.506249 -0.0487319 0.71064 -0.701857 -0.00359888
11.36 0 -0.154042 -0.104677 0.506346 -0.0520669 0.711012 -0.701246 -0.00239717
11.4 0 -0.159998 -0.104494 0.505229 -0.0494164 0.710941 -0.701513 -0.000117565
11.44 0 -0.166126 -0.10437 0.505515 -0.0537841 0.710608 -0.701521 0.0034949
11.48 0 -0.171855 -0.104454 0.505525 -0.055111 0.710985 -0.701041 -0.00241553
11.52 0 -0.177598 -0.104151 0.504998 -0.0537462 0.710765 -0.701363 0.00376334
11.56 0 -0.182767 -0.103879 0.503408 -0.0473396 0.710369 -0.70219 0.00803153
11.6 0 -0.187926 -0.104004 0.504497 -0.0544519 0.710684 -0.701352 0.00823368
11.64 0 -0.19198 -0.103581 0.503056 -0.0498264 0.710917 -0.701459 0.00829605
11.68 0 -0.196024 -0.104105 0.503414 -0.0511761 0.710327 -0.70195 0.00904641
11.72 0 -0.199504 -0.104291 0.503629 -0.0464958 0.710607 -0.701962 0.011213
11.76 0 -0.202091 -0.104567 0.503963 -0.0514261 0.710633 -0.701634 0.00811634
11.8 0 -0.203087 -0.104588 0.50442 -0.0525479 0.710754 -0.701382 0.0114435
11.84 0 -0.20253 -0.104831 0.504098 -0.0492261 0.711386 -0.70106 0.00464269
11.88 0 -0.202472 -0.105168 0.504496 -0.0484996 0.711492 -0.701014 0.00253904
11.92 0 -0.202722 -0.105599 0.50572 -0.0516951 0.7106 -0.70163 0.00944995
11.96 0 -0.202065 -0.105562 0.5046 -0.0469072 0.711434 -0.70117 0.00474276
12 0 -0.201847 -0.105663 0.505246 -0.0497265 0.71119 -0.701222 0.00487462
12.04 0 -0.202114 -0.10604 0.506412 -0.0543699 0.710089 -0.70195 0.00919315
12.08 0 -0.201892 -0.105805 0.506273 -0.0531031 0.710351 -0.701785 0.00890364
12.12 0 -0.20139 -0.105432 0.505677 -0.0524881 0.711147 -0.701074 0.00331338
12.16 0 -0.201754 -0.104802 0.505095 -0.0556519 0.710692 -0.701216 0.0107483
12.2 0 -0.201821 -0.104517 0.50437 -0.054913 0.710152 -0.701773 0.0135293
12.24 0 -0.201229 -0.1043 0.504038 -0.0535107 0.71063 -0.701465 0.00940765
12.28 0 -0.200245 -0.103809 0.502623 -0.0480701 0.710398 -0.702116 0.00752013
12.32 0 -0.200687 -0.103506 0.501382 -0.0454664 0.711787 -0.700911 0.00391507
12.36 0 -0.201263 -0.103441 0.501771 -0.0470468 0.711784 -0.700812 0.00338968
12.4 0 -0.20172 -0.103773 0.502156 -0.0492342 0.711249 -0.701195 0.00520567
12.44 0 -0.201819 -0.103988 0.503662 -0.0585631 0.710944 -0.70079 0.00472992
12.48 0 -0.201001 -0.10448 0.504081 -0.0536294 0.710572 -0.701529 0.00832776
12.52 0 -0.200286 -0.104894 0.505704 -0.0538466 0.71037 -0.701697 0.00987248
12.56 0 -0.199658 -0.105195 0.505359 -0.0513405 0.711643 -0.70066 0.00211573
12.6 0 -0.199302 -0.105914 0.506067 -0.0494852 0.710787 -0.701652 0.00422962
12.64 0 -0.198875 -0.10683 0.507974 -0.0552307 0.711338 -0.700676 -0.000287408
12.68 0 -0.197866 -0.108041 0.510063 -0.0520615 0.710244 -0.701999 0.00631226
12.72 0 -0.195932 -0.109248 0.510987 -0.0448874 0.710649 -0.702112 0.00104734
12.76 0 -0.194665 -0.111456 0.516285 -0.0586322 0.710317 -0.701434 -0.00138691
12.8 0 -0.19324 -0.113887 0.519944 -0.0567033 0.710496 -0.701385 -0.00620512
12.84 0 -0.192607 -0.116477 0.523916 -0.0627943 0.710151 -0.701168 -0.0102904
12.88 0 -0.192493 -0.118655 0.527446 -0.0616168 0.71052 -0.70088 -0.011453
12.92 0 -0.191875 -0.120216 0.53102 -0.0612368 0.709896 -0.701566 -0.01012
12.96 0 -0.190783 -0.119225 0.53382 -0.0576437 0.710564 -0.701112 -0.0147742
13 0 -0.189982 -0.117949 0.537689 -0.0587684 0.710254 -0.701366 -0.013105
13.04 0 -0.189653 -0.115721 0.541504 -0.0583383 0.710476 -0.701199 -0.0118743
13.08 0 -0.1902 -0.114069 0.54592 -0.0574785 0.711056 -0.700659 -0.0131685
13.12 0 -0.190889 -0.114382 0.550874 -0.0590103 0.710044 -0.701625 -0.00882215
13.16 0 -0.191765 -0.114945 0.556578 -0.0550869 0.710326 -0.701663 -0.0084452
13.2 0 -0.192227 -0.117085 0.564644 -0.0657515 0.709937 -0.701119 -0.00992335
13.24 0 -0.191661 -0.11902 0.571771 -0.0709845 0.708853 -0.701708 -0.0097412
13.28 0 -0.191055 -0.119063 0.578795 -0.0711251 0.709608 -0.700923 -0.0102512
13.32 0 -0.190164 -0.118729 0.584126 -0.0619375 0.709583 -0.701803 -0.0112956
13.36 0 -0.190235 -0.1169 0.590199 -0.0651291 0.71117 -0.699761 -0.018151
13.4 0 -0.190903 -0.115836 0.597352 -0.0719553 0.710081 -0.700253 -0.015911
13.44 0 -0.191709 -0.115007 0.604002 -0.0702519 0.710859 -0.699617 -0.0167351
13.48 0 -0.191369 -0.114588 0.609112 -0.0609595 0.709283 -0.70225 -0.00689005
13.52 0 -0.192003 -0.115718 0.618116 -0.0713572 0.709488 -0.701054 -0.00765833
13.56 0 -0.19146 -0.116325 0.624528 -0.0675759 0.711202 -0.699423 -0.020785
13.6 0 -0.190395 -0.11716 0.63225 -0.0696006 0.709238 -0.701437 -0.0111085
13.64 0 -0.189887 -0.117797 0.638803 -0.0658282 0.710525 -0.700413 -0.0155636
13.68 0 -0.189505 -0.117325 0.64556 -0.0636613 0.709706 -0.701574 -0.00759441
13.72 0 -0.189094 -0.116948 0.652163 -0.0606173 0.70906 -0.702511 -0.00615752
13.76 0 -0.188826 -0.116264 0.658099 -0.0584221 0.710411 -0.701228 -0.0135294
13.8 0 -0.188777 -0.116285 0.666442 -0.0638584 0.709238 -0.702022 -0.00831009
13.84 0 -0.188323 -0.116397 0.672619 -0.058911 0.710232 -0.701258 -0.0183574
13.88 0 -0.187957 -0.116743 0.679879 -0.0592081 0.709662 -0.702003 -0.00806652
13.92 0 -0.187656 -0.117294 0.687349 -0.0658714 0.710178 -0.70072 -0.0173117
13.96 0 -0.187393 -0.117993 0.693897 -0.0573548 0.710307 -0.701431 -0.0130125
14 0 -0.187816 -0.117785 0.701556 -0.0591675 0.710564 -0.701017 -0.0131276
14.04 0 -0.188757 -0.117592 0.710643 -0.068906 0.70981 -0.700981 -0.00688467
14.08 0 -0.188205 -0.116958 0.715853 -0.0658197 0.710286 -0.700699 -0.0135071
14.12 0 -0.188132 -0.116714 0.724604 -0.073331 0.709119 -0.701153 -0.0125177
14.16 0 -0.187137 -0.116612 0.730711 -0.0661392 0.709595 -0.701431 -0.00974015
14.2 0 -0.186925 -0.116916 0.737275 -0.0650171 0.709806 -0.701344 -0.00808519
14.24 0 -0.186531 -0.11757 0.744233 -0.0666475 0.710469 -0.700165 -0.023688
14.28 0 -0.18691 -0.118523 0.752353 -0.0708768 0.709565 -0.700875 -0.016369
14.32 0 -0.18676 -0.118117 0.756651 -0.0540613 0.710836 -0.701104 -0.0155772
14.36 0 -0.186661 -0.118578 0.765143 -0.0623734 0.709503 -0.701897 -0.00746638
14.4 0 -0.186714 -0.11817 0.772025 -0.070763 0.709297 -0.701187 -0.0150545
14.44 0 -0.186845 -0.117737 0.779706 -0.0624159 0.711103 -0.700192 -0.0129456
14.48 0 -0.186525 -0.117783 0.786554 -0.0712356 0.709978 -0.700214 -0.0235938
14.52 0 -0.186286 -0.118018 0.794232 -0.0762521 0.708997 -0.701057 -0.00530558
14.56 0 -0.186283 -0.118373 0.801132 -0.0735692 0.711225 -0.698492 -0.0292477
14.6 0 -0.186307 -0.118343 0.8065 -0.0758304 0.710698 -0.699183 -0.0173531
14.64 0 -0.185993 -0.118724 0.812949 -0.0680444 0.710381 -0.700241 -0.019756
14.68 0 -0.186187 -0.118706 0.819735 -0.0678567 0.709833 -0.700776 -0.0210825
14.72 0 -0.186141 -0.118447 0.825117 -0.0659581 0.709871 -0.700812 -0.024379
14.76 0 -0.186276 -0.118041 0.831088 -0.0729589 0.709701 -0.700671 -0.0078936
14.8 0 -0.186686 -0.11798 0.838811 -0.0735371 0.709639 -0.700462 -0.0189228
14.84 0 -0.186937 -0.117911 0.844872 -0.068404 0.710222 -0.700554 -0.0114215
14.88 0 -0.186478 -0.118448 0.84998 -0.0694604 0.71035 -0.700191 -0.0176018
14.92 0 -0.186504 -0.118877 0.857193 -0.0785368 0.709763 -0.699452 -0.0289015
14.96 0 -0.185673 -0.118643 0.859577 -0.0719455 0.710074 -0.700157 -0.0199861
15 0 -0.185611 -0.11862 0.86474 -0.054441 0.711361 -0.700476 -0.0183084
15.04 0 -0.185179 -0.118552 0.871199 -0.0644918 0.710469 -0.700228 -0.0274925
15.08 0 -0.185248 -0.118662 0.877059 -0.0764663 0.709882 -0.699914 -0.0184502
15.12 0 -0.185381 -0.118429 0.88261 -0.0741549 0.710167 -0.699385 -0.0320223
15.16 0 -0.185483 -0.118722 0.888954 -0.0830774 0.709893 -0.699057 -0.0216745
15.2 0 -0.185152 -0.118943 0.892504 -0.0727846 0.710539 -0.699048 -0.0341777
15.24 0 -0.184862 -0.119342 0.896897 -0.0750418 0.709602 -0.700427 -0.0153443
15.28 0 -0.18483 -0.119712 0.903415 -0.0729021 0.70911 -0.701214 -0.0121512
15.32 0 -0.184967 -0.120116 0.911205 -0.091971 0.708626 -0.698982 -0.0285455
15.36 0 -0.184734 -0.119161 0.913057 -0.0684824 0.710676 -0.70002 -0.0148834
15.4 0 -0.184481 -0.118481 0.919054 -0.0692602 0.710843 -0.699783 -0.0144709
15.44 0 -0.184026 -0.11847 0.923687 -0.0807577 0.709694 -0.69939 -0.0258227
15.48 0 -0.183665 -0.11828 0.925976 -0.0628324 0.711391 -0.699436 -0.0276511
15.52 0 -0.183493 -0.118369 0.93117 -0.0619668 0.71046 -0.70085 -0.0146819
15.56 0 -0.183661 -0.119165 0.938189 -0.0752196 0.709543 -0.700477 -0.0149482
15.6 0 -0.183938 -0.119696 0.946457 -0.0823717 0.709078 -0.700128 -0.0155871
15.64 0 -0.183375 -0.119831 0.951116 -0.0902337 0.708344 -0.699719 -0.0223537
15.68 0 -0.183035 -0.119237 0.955594 -0.0862692 0.710105 -0.698197 -0.0288169
15.72 0 -0.182668 -0.11906 0.95794 -0.0586035 0.710456 -0.701288 -0.00373145
15.76 0 -0.183113 -0.119375 0.967329 -0.0771139 0.70971 -0.699894 -0.0226614
15.8 0 -0.182841 -0.119079 0.97206 -0.0711641 0.709825 -0.700397 -0.0229952
15.84 0 -0.182613 -0.119179 0.978217 -0.0564476 0.709658 -0.702183 -0.0117981
15.88 0 -0.182748 -0.119752 0.985007 -0.0778565 0.708926 -0.700363 -0.0292228
15.92 0 -0.182751 -0.119196 0.987422 -0.0619082 0.710405 -0.700681 -0.0232024
15.96 0 -0.183587 -0.118825 0.99327 -0.0707089 0.710294 -0.699648 -0.031227
16 0 -0.185066 -0.119009 1.00421 -0.0804979 0.70983 -0.699552 -0.0169846
16.04 0 -0.184405 -0.117982 1.00336 -0.0512988 0.713002 -0.697874 -0.0443811
16.08 0 -0.184011 -0.117921 1.01134 -0.0794878 0.709564 -0.699997 -0.014304
16.12 0 -0.184514 -0.117934 1.017 -0.0905451 0.709875 -0.69812 -0.0225426
16.16 0 -0.184634 -0.118343 1.02241 -0.077462 0.710391 -0.698984 -0.0276775
16.2 0 -0.184573 -0.118315 1.02452 -0.0725831 0.710002 -0.699974 -0.0257718
16.24 0 -0.185333 -0.11936 1.03549 -0.102711 0.707736 -0.698536 -0.0246281
16.28 0 -0.185077 -0.118919 1.03803 -0.0974963 0.707683 -0.699745 -0.00605272
16.32 0 -0.183799 -0.119111 1.03812 -0.0602414 0.711116 -0.699357 -0.0398167
16.36 0 -0.183293 -0.119269 1.04547 -0.0851608 0.70902 -0.69983 -0.0166208
16.4 0 -0.18244 -0.118574 1.04549 -0.0590528 0.711343 -0.70023 -0.0134663
16.44 0 -0.182819 -0.119856 1.05385 -0.083763 0.710165 -0.697795 -0.0416023
16.48 0 -0.183503 -0.119889 1.05738 -0.0794246 0.708108 -0.701584 -0.0073209
16.52 0 -0.184197 -0.119365 1.05925 -0.0768679 0.710852 -0.6982 -0.0360095
16.56 0 -0.184874 -0.119373 1.06441 -0.0764176 0.709953 -0.6996 -0.0262197
16.6 0 -0.184499 -0.119702 1.06945 -0.0823922 0.707732 -0.700884 -0.0329927
16.64 0 -0.18362 -0.119312 1.0723 -0.0837607 0.707837 -0.701389 -0.00199629
16.68 0 -0.182229 -0.119297 1.07368 -0.0689371 0.709976 -0.700391 -0.025174
16.72 0 -0.181815 -0.120271 1.07001 -0.0455953 0.711885 -0.700301 -0.0268175
16.76 0 -0.182412 -0.121199 1.0765 -0.0707299 0.708994 -0.701385 -0.0196088
16.8 0 -0.184425 -0.122513 1.08519 -0.0871213 0.708009 -0.700809 -0.000106889
16.84 0 -0.185144 -0.120775 1.08828 -0.0938473 0.707929 -0.700008 -0.0042244
16.88 0 -0.183115 -0.12247 1.0853 -0.0510726 0.710333 -0.700834 -0.0406288
16.92 0 -0.182455 -0.124828 1.09485 -0.0999661 0.708794 -0.697233 -0.0385227
16.96 0 -0.180998 -0.125998 1.09086 -0.080879 0.710507 -0.698014 -0.0376114
17 0 -0.180386 -0.12666 1.09473 -0.104188 0.707947 -0.698227 -0.0208451
17.04 0 -0.180432 -0.12561 1.08586 -0.0685957 0.709215 -0.701607 -0.00748952
17.08 0 -0.181382 -0.124628 1.08573 -0.0706057 0.710398 -0.699375 -0.0349972
17.12 0 -0.18164 -0.12247 1.08242 -0.0624904 0.711075 -0.698759 -0.046931
17.16 0 -0.181853 -0.121946 1.08634 -0.0810811 0.709365 -0.699678 -0.0260414
17.2 0 -0.181981 -0.119642 1.08345 -0.0661345 0.709715 -0.701317 0.00929143
17.24 0 -0.182861 -0.119067 1.08513 -0.0863314 0.709492 -0.698841 -0.0281033
17.28 0 -0.182653 -0.117496 1.07833 -0.0571495 0.710393 -0.700499 -0.037096
17.32 0 -0.184667 -0.117605 1.08438 -0.0900489 0.708548 -0.699419 -0.0257905
17.36 0 -0.184695 -0.116775 1.08251 -0.0714401 0.709497 -0.701059 -0.00507598
17.4 0 -0.184638 -0.116154 1.08081 -0.0753659 0.709638 -0.699927 -0.0289021
17.44 0 -0.184579 -0.11654 1.08436 -0.0893254 0.708461 -0.699957 -0.0128213
17.48 0 -0.183934 -0.115944 1.07969 -0.0599318 0.710945 -0.700518 -0.0154982
17.52 0 -0.184265 -0.116631 1.08395 -0.0721731 0.70981 -0.700662 -0.00579317
17.56 0 -0.184592 -0.116669 1.08548 -0.0793658 0.708387 -0.701215 0.0136462
17.6 0 -0.185235 -0.117047 1.08196 -0.0696141 0.71073 -0.699488 -0.0270734
17.64 0 -0.185689 -0.116631 1.08101 -0.0956409 0.71012 -0.69655 -0.0374363
17.68 0 -0.185176 -0.116919 1.08107 -0.0856058 0.708083 -0.699465 -0.0451684
17.72 0 -0.184943 -0.116496 1.07933 -0.0663968 0.710465 -0.699804 -0.0332292
17.76 0 -0.185138 -0.117088 1.08364 -0.088448 0.709273 -0.699002 -0.0224563
17.8 0 -0.184906 -0.11643 1.08252 -0.0853935 0.709051 -0.699492 -0.0258127
17.84 0 -0.184242 -0.117279 1.08665 -0.0644678 0.704172 -0.700374 -0.0972698
17.88 0 -0.185835 -0.116071 1.08518 -0.104637 0.707631 -0.698448 -0.0219097
17.92 0 -0.185528 -0.114645 1.07565 -0.0443121 0.710692 -0.701782 -0.0213107
17.96 0 -0.18698 -0.114668 1.08288 -0.0808689 0.710756 -0.697668 -0.0393229
18 0 -0.187201 -0.114444 1.08399 -0.104284 0.707985 -0.69825 -0.0181345
18.04 0 -0.187299 -0.113706 1.08468 -0.0947793 0.709787 -0.697659 -0.0221619
18.08 0 -0.1859 -0.112606 1.07593 -0.0589274 0.709442 -0.702271 -0.00592859
18.12 0 -0.18714 -0.112907 1.08195 -0.0983942 0.709732 -0.69715 -0.0241161
18.16 0 -0.187205 -0.112286 1.07939 -0.069695 0.708937 -0.701819 -0.00108812
18.2 0 -0.188294 -0.112513 1.08638 -0.123794 0.705711 -0.697584 0.00482788
18.24 0 -0.188629 -0.111772 1.08046 -0.0914788 0.709546 -0.698044 -0.0301613
18.28 0 -0.188709 -0.111398 1.08025 -0.0936386 0.708393 -0.699523 -0.00883485
18.32 0 -0.188433 -0.11019 1.07823 -0.0812501 0.710411 -0.697519 -0.0467116
18.36 0 -0.188917 -0.11022 1.08418 -0.102432 0.706953 -0.699778 -0.00605729
18.4 0 -0.188474 -0.109111 1.07756 -0.0806327 0.710027 -0.699229 -0.0209553
18.44 0 -0.188476 -0.108462 1.07821 -0.0971648 0.709202 -0.697932 -0.0219693
18.48 0 -0.187822 -0.107333 1.07019 -0.0612327 0.7111 -0.699635 -0.033137
18.52 0 -0.189461 -0.107584 1.07965 -0.0885971 0.709527 -0.69895 -0.0137869
18.56 0 -0.188949 -0.107177 1.07576 -0.0756107 0.708527 -0.701238 -0.023173
18.6 0 -0.189909 -0.106632 1.07809 -0.0657988 0.711227 -0.699105 -0.032847
18.64 0 -0.190398 -0.105991 1.07912 -0.100949 0.70922 -0.697612 -0.0124448
18.68 0 -0.190786 -0.106267 1.07987 -0.111845 0.708619 -0.696032 -0.0298071
18.72 0 -0.189554 -0.105914 1.07348 -0.0828749 0.709563 -0.699609 -0.0141163
18.76 0 -0.189048 -0.106669 1.07536 -0.0849276 0.709101 -0.699642 -0.0215448
18.8 0 -0.188765 -0.107088 1.07547 -0.0709526 0.713005 -0.695828 -0.0491168
18.84 0 -0.187847 -0.108849 1.08053 -0.107653 0.705943 -0.700008 -0.00671936
18.88 0 -0.185011 -0.108874 1.07424 -0.0578653 0.708773 -0.702275 -0.0332024
18.92 0 -0.182231 -0.109852 1.08162 -0.097375 0.709958 -0.695701 -0.0497752
18.96 0 -0.178156 -0.110528 1.08361 -0.101808 0.707984 -0.69757 -0.0423094
19 0 -0.172397 -0.109438 1.07396 -0.0572759 0.710637 -0.701058 -0.0152077
19.04 0 -0.16826 -0.110704 1.08105 -0.0669339 0.708403 -0.70259 -0.00724209
19.08 0 -0.164078 -0.110258 1.07689 -0.0605886 0.711253 -0.698936 -0.0440155
19.12 0 -0.15896 -0.109736 1.07765 -0.0791877 0.708174 -0.701576 0.00311907
19.16 0 -0.153347 -0.109885 1.08066 -0.0805973 0.707538 -0.701953 -0.0125007
19.2 0 -0.145895 -0.108844 1.07549 -0.0485203 0.710396 -0.70188 -0.0186474
19.24 0 -0.137734 -0.108904 1.08095 -0.0781505 0.708446 -0.700805 -0.0294788
19.28 0 -0.129502 -0.10896 1.08169 -0.0887247 0.706607 -0.701007 -0.037738
19.32 0 -0.121243 -0.107597 1.07379 -0.0446408 0.708845 -0.703899 -0.00850754
19.36 0 -0.114272 -0.107549 1.07681 -0.070637 0.708529 -0.701414 -0.0318676
19.4 0 -0.107725 -0.107815 1.07951 -0.0509602 0.708999 -0.703356 -0.00372707
19.44 0 -0.0996036 -0.10784 1.07883 -0.0827297 0.707189 -0.701627 -0.0275662
19.48 0 -0.0914481 -0.107498 1.07507 -0.0509889 0.709067 -0.702712 -0.028632
19.52 0 -0.0828632 -0.108436 1.08157 -0.0774826 0.707004 -0.700219 -0.0619254
19.56 0 -0.0744276 -0.108003 1.0733 -0.0357204 0.709291 -0.703541 -0.0257101
19.6 0 -0.0656596 -0.108405 1.07973 -0.0655204 0.709545 -0.701312 -0.0203509
19.64 0 -0.0575006 -0.108708 1.07879 -0.0464599 0.709425 -0.702013 -0.0416629
19.68 0 -0.0500389 -0.109731 1.08246 -0.0765152 0.706734 -0.701813 -0.0461562
19.72 0 -0.0433742 -0.109161 1.07951 -0.0533257 0.708801 -0.703126 -0.0192382
19.76 0 -0.0363193 -0.108789 1.07953 -0.0628961 0.707396 -0.70282 -0.0409738
19.8 0 -0.0299686 -0.109071 1.08247 -0.0727518 0.707073 -0.702699 -0.0311396
19.84 0 -0.0245737 -0.109415 1.08105 -0.0634544 0.708209 -0.702797 -0.0221202
19.88 0 -0.0200096 -0.109083 1.07617 -0.049453 0.709012 -0.70323 -0.0180139
19.92 0 -0.0142004 -0.110284 1.08395 -0.0771142 0.70583 -0.702672 -0.045928
19.96 0 -0.00802573 -0.109484 1.07951 -0.0645789 0.707592 -0.702165 -0.0459087
20 0 -0.00368307 -0.10933 1.07517 -0.0402485 0.709138 -0.70372 -0.0167833
20.04 0 0.000818877 -0.109437 1.07685 -0.0519289 0.70864 -0.702615 -0.038263
20.08 0 0.00582375 -0.108874 1.07207 -0.0152506 0.70965 -0.703106 -0.0424991
20.12 0 0.0123139 -0.109047 1.07281 -0.0317585 0.707861 -0.704536 -0.0394146
20.16 0 0.0189757 -0.109627 1.07637 -0.0347701 0.70816 -0.705106 -0.011214
20.2 0 0.0253175 -0.109049 1.07313 -0.0319312 0.707234 -0.704969 -0.0426478
20.24 0 0.0324806 -0.108881 1.07542 -0.0361678 0.709674 -0.703061 -0.0275794
20.28 0 0.0415378 -0.109113 1.07896 -0.0490288 0.706648 -0.703925 -0.0522941
20.32 0 0.051283 -0.108481 1.0743 -0.0316077 0.707222 -0.706224 -0.00926685
20.36 0 0.0590496 -0.107933 1.06952 -0.0176477 0.709172 -0.703896 -0.035966
20.4 0 0.067985 -0.108957 1.08015 0.0630751 -0.705173 0.705761 0.0255848
20.44 0 0.0741306 -0.108368 1.07693 -0.0448319 0.706998 -0.703974 -0.0506484
20.48 0 0.0805906 -0.108198 1.0786 0.0614308 -0.703403 0.705601 0.0598108
20.52 0 0.0876654 -0.108189 1.07863 0.0582141 -0.704583 0.706171 0.0386794
20.56 0 0.0945242 -0.10716 1.07437 -0.0309097 0.708373 -0.704992 -0.0154405
20.6 0 0.102074 -0.107444 1.07455 -0.0430449 0.706625 -0.70422 -0.0538697
20.64 0 0.110521 -0.106848 1.07137 -0.0246249 0.705874 -0.705032 -0.0637617
20.68 0 0.118654 -0.107016 1.07359 0.0376301 -0.704808 0.705614 0.0627612
20.72 0 0.125064 -0.106669 1.071 -0.02244 0.707785 -0.704982 -0.0392032
20.76 0 0.131302 -0.106245 1.06864 -0.0385145 0.705105 -0.705086 -0.0647856
20.8 0 0.138781 -0.106575 1.07108 -0.0220427 0.708583 -0.704022 -0.0421679
20.84 0 0.145901 -0.1061 1.06927 -0.0234086 0.706283 -0.705196 -0.0575824
20.88 0 0.152586 -0.105768 1.06938 -0.0222963 0.709957 -0.703677 -0.0174103
20.92 0 0.160408 -0.106002 1.0697 -0.0237171 0.70793 -0.704261 -0.0478395
20.96 0 0.168352 -0.105928 1.06808 -0.0209892 0.706325 -0.705741 -0.0509349
21 0 0.174798 -0.105985 1.06668 -0.0103773 0.70723 -0.704699 -0.0558299
21.04 0 0.180475 -0.106251 1.06799 0.0316578 -0.705631 0.705656 0.0559639
21.08 0 0.184854 -0.106195 1.06696 -0.0299496 0.707724 -0.704371 -0.0457269
21.12 0 0.190099 -0.106596 1.06936 -0.014393 0.706372 -0.704759 -0.0643897
21.16 0 0.192155 -0.105789 1.06221 -0.00617186 0.712141 -0.701325 -0.0309783
21.2 0 0.199061 -0.107504 1.06914 -0.0125775 0.708166 -0.703698 -0.0561454
21.24 0 0.198844 -0.10706 1.06261 -0.00687314 0.708331 -0.703612 -0.0561263
21.28 0 0.201343 -0.107539 1.06922 0.0210915 -0.704703 0.707944 0.041999
21.32 0 0.199016 -0.107654 1.06635 -0.0162301 0.709306 -0.704006 -0.0315756
21.36 0 0.200596 -0.108199 1.07097 0.0350794 -0.705527 0.705769 0.053768
21.4 0 0.200205 -0.107894 1.06688 -0.0157408 0.705551 -0.705035 -0.0698232
21.44 0 0.201235 -0.108539 1.07112 0.0350978 -0.703314 0.706366 0.071864
21.48 0 0.200036 -0.107992 1.06605 0.0228447 -0.704576 0.706472 0.0628359
21.52 0 0.200452 -0.10841 1.06896 -0.0129336 0.710842 -0.702914 -0.0211943
21.56 0 0.200848 -0.108215 1.06645 0.00737526 0.706373 -0.703438 -0.078474
21.6 0 0.201746 -0.108413 1.06937 -0.011772 0.708046 -0.703662 -0.0582322
21.64 0 0.202612 -0.108567 1.07155 0.0234807 -0.704915 0.70593 0.0648509
21.68 0 0.202993 -0.108541 1.07268 0.0438438 -0.70325 0.706757 0.0633423
21.72 0 0.201836 -0.108909 1.07163 -0.0315954 0.70773 -0.704076 -0.0489563
21.76 0 0.202032 -0.108904 1.07163 -0.0203282 0.706091 -0.704994 -0.0632895
21.8 0 0.201634 -0.10915 1.07153 0.0407449 -0.704633 0.705926 0.0591747
21.84 0 0.202418 -0.109781 1.07422 0.0400646 -0.705244 0.706014 0.0506938
21.88 0 0.201886 -0.109197 1.06914 -0.0206453 0.70716 -0.704162 -0.0604519
21.92 0 0.202768 -0.109542 1.07143 -0.0201555 0.705484 -0.705442 -0.065101
21.96 0 0.201892 -0.109125 1.06986 -0.00848688 0.70812 -0.703521 -0.0596005
22 0 0.200575 -0.108796 1.07037 -0.017501 0.708519 -0.704072 -0.0444743
22.04 0 0.201582 -0.108502 1.06842 0.000290892 0.705179 -0.703806 -0.0859003
22.08 0 0.201353 -0.108067 1.0724 -0.0288385 0.70623 -0.70586 -0.0465774
22.12 0 0.199111 -0.106215 1.06859 -0.015084 0.707165 -0.705253 -0.0480527
22.16 0 0.198188 -0.104043 1.06753 -0.0233741 0.708672 -0.705083 -0.00977742
22.2 0 0.196388 -0.101646 1.06438 -0.022814 0.706096 -0.705897 -0.0511601
22.24 0 0.1988 -0.100202 1.07152 0.0448326 -0.703231 0.707653 0.0517989
22.28 0 0.197356 -0.0970548 1.06433 -0.0296877 0.707721 -0.704249 -0.047783
22.32 0 0.196044 -0.0937211 1.05856 -0.00886145 0.710054 -0.703895 -0.0166205
22.36 0 0.193694 -0.0909426 1.05865 -0.0157366 0.708935 -0.703966 -0.0399286
22.4 0 0.18891 -0.0882025 1.05104 -0.000678278 0.709983 -0.70297 -0.0419105
22.44 0 0.186945 -0.0867939 1.05379 -0.0301048 0.706491 -0.706165 -0.0359746
22.48 0 0.185066 -0.0860373 1.05538 -0.0143032 0.708884 -0.703238 -0.0522947
22.52 0 0.185228 -0.0857182 1.0548 -0.0203927 0.707867 -0.704336 -0.0491909
22.56 0 0.18616 -0.0861423 1.05467 -0.0165647 0.707327 -0.704044 -0.061119
22.6 0 0.188055 -0.0878159 1.05762 -0.0278839 0.708418 -0.705047 -0.0165679
22.64 0 0.188029 -0.0883217 1.05108 0.00493512 0.708316 -0.704406 -0.0455587
22.68 0 0.188186 -0.0880659 1.05441 0.0333812 -0.705687 0.707438 0.0205491
22.72 0 0.185511 -0.0864693 1.05046 -0.00117838 0.709435 -0.703719 -0.0384615
22.76 0 0.184293 -0.085689 1.05055 0.0134097 -0.705841 0.705995 0.0563877
22.8 0 0.184398 -0.0844696 1.05187 -0.0150928 0.706729 -0.705868 -0.0453499
22.84 0 0.183874 -0.083403 1.05065 -0.0205584 0.70782 -0.705552 -0.0276399
22.88 0 0.183191 -0.0827037 1.05084 -0.0199544 0.707101 -0.705728 -0.0394657
22.92 0 0.18066 -0.0819039 1.04575 -0.00576479 0.708365 -0.705487 -0.0217833
22.96 0 0.179495 -0.0822797 1.04747 -0.0149741 0.709567 -0.703467 -0.0377394
23 0 0.178647 -0.0832887 1.04356 0.00257645 0.707792 -0.705943 -0.0258621
23.04 0 0.181442 -0.0845605 1.04931 0.0140572 -0.705885 0.706311 0.0515092
23.08 0 0.182 -0.0850135 1.04606 0.0284922 -0.705543 0.705641 0.0588876
23.12 0 0.18333 -0.0845534 1.04477 -0.00780666 0.706465 -0.703684 -0.0753339
23.16 0 0.18374 -0.0837562 1.04593 -0.0279102 0.708383 -0.704778 -0.0265157
23.2 0 0.180965 -0.0832564 1.03859 -0.00391894 0.708818 -0.704337 -0.0383672
23.24 0 0.179225 -0.0829833 1.03626 -0.00601847 0.708415 -0.705256 -0.0269433
23.28 0 0.179455 -0.083451 1.03726 -0.0220562 0.707013 -0.706146 -0.0316899
23.32 0 0.181073 -0.084205 1.03511 0.0419491 -0.704637 0.706907 0.0448338
23.36 0 0.182951 -0.0839948 1.02953 -0.0119248 0.70904 -0.704638 -0.0246111
23.4 0 0.184753 -0.0853013 1.03091 -0.0188702 0.707206 -0.705342 -0.0446778
23.44 0 0.183261 -0.0855156 1.02198 -0.0154736 0.707441 -0.704936 -0.0485131
23.48 0 0.181907 -0.0840956 1.01886 -0.0122261 0.708957 -0.705023 -0.0131769
23.52 0 0.180484 -0.0840825 1.01741 -0.0243714 0.708098 -0.705044 -0.0302771
23.56 0 0.179376 -0.0839236 1.01468 -0.0273065 0.706332 -0.706252 -0.0394617
23.6 0 0.179196 -0.0851258 1.00936 -0.016395 0.708445 -0.704668 -0.0357685
23.64 0 0.180852 -0.0853154 1.00312 -0.0112439 0.707643 -0.706104 -0.0230758
23.68 0 0.18107 -0.0845335 0.996709 0.00892143 0.712319 -0.701134 -0.0305476
23.72 0 0.183391 -0.0851671 0.996284 -0.00972911 0.707147 -0.706625 -0.0229987
23.76 0 0.182827 -0.0856665 0.997146 -0.0199767 0.70763 -0.705539 -0.0328071
23.8 0 0.180136 -0.0856287 0.98933 -0.0145023 0.708968 -0.704614 -0.0259533
23.84 0 0.180556 -0.0860356 0.986056 0.0272073 -0.703466 0.708344 0.0514179
23.88 0 0.179907 -0.0855454 0.983242 -0.0298374 0.710059 -0.703132 -0.0230388
23.92 0 0.181621 -0.0853658 0.975555 -0.0196364 0.70726 -0.705696 -0.0372919
23.96 0 0.182992 -0.0851497 0.971944 0.0241053 -0.706483 0.706692 0.0297879
24 0 0.184034 -0.0863105 0.971066 0.02407 -0.705339 0.707685 0.0331424
24.04 0 0.18296 -0.0865922 0.966525 0.0327012 -0.705442 0.706334 0.0487311
24.08 0 0.181676 -0.0862875 0.962886 -0.0308915 0.708975 -0.704501 -0.00884038
24.12 0 0.181343 -0.0850324 0.957195 0.0356284 -0.704978 0.707769 0.0282995
24.16 0 0.181282 -0.0854593 0.955453 -0.038664 0.706463 -0.706114 -0.0285935
24.2 0 0.182535 -0.0851496 0.951991 0.0399031 -0.703902 0.708567 0.0293636
24.24 0 0.180353 -0.0843609 0.942595 -0.00847694 0.710341 -0.703222 -0.0286829
24.28 0 0.181071 -0.0853615 0.940818 0.0244097 -0.706129 0.706958 0.031551
24.32 0 0.181085 -0.0858925 0.940658 -0.0336847 0.705895 -0.705713 -0.0504759
24.36 0 0.181458 -0.0859395 0.934305 0.0154734 -0.705919 0.707365 0.0327731
24.4 0 0.181568 -0.0859468 0.931648 0.0300286 -0.705548 0.707732 0.0203966
24.44 0 0.180624 -0.0852468 0.926143 0.0233671 -0.706317 0.706975 0.0274977
24.48 0 0.178684 -0.0847053 0.919959 -0.0160928 0.707488 -0.705686 -0.0347589
24.52 0 0.179036 -0.0847424 0.918774 -0.0197647 0.707318 -0.706345 -0.0196906
24.56 0 0.178701 -0.0851722 0.912724 -0.0112626 0.707539 -0.706483 -0.0119548
24.6 0 0.178621 -0.085585 0.907064 -0.00309724 0.710553 -0.703259 -0.0230773
24.64 0 0.181629 -0.0859203 0.907839 -0.0267144 0.707456 -0.705858 -0.0235888
24.68 0 0.181837 -0.0863955 0.900927 -0.0106901 0.708605 -0.705064 -0.0254946
24.72 0 0.181863 -0.0863309 0.8992 0.0265167 -0.706551 0.706676 0.0263156
24.76 0 0.179717 -0.0864145 0.891477 -0.00551991 0.708102 -0.704247 -0.0509703
24.8 0 0.179735 -0.086466 0.889565 0.0283744 -0.705424 0.706501 0.0492773
24.84 0 0.180249 -0.085795 0.885898 0.0246817 -0.705757 0.707329 0.0313528
24.88 0 0.179811 -0.0855537 0.879822 -0.0166589 0.707593 -0.705633 -0.033429
24.92 0 0.18106 -0.0855831 0.877652 0.0234518 -0.705118 0.708059 0.0302044
24.96 0 0.180412 -0.0868567 0.872826 0.0228607 -0.704894 0.708 0.0365755
25 0 0.179918 -0.087468 0.86916 0.0307132 -0.706435 0.706831 0.0199067
25.04 0 0.180665 -0.0874016 0.862591 0.024751 -0.704049 0.7097 0.00532263
25.08 0 0.180847 -0.0869638 0.858741 0.0236933 -0.706384 0.707177 0.019021
25.12 0 0.180202 -0.0863445 0.853453 -0.0160633 0.708836 -0.704601 -0.0288238
25.16 0 0.179718 -0.0856785 0.847458 -0.0178324 0.706922 -0.706774 -0.0203315
25.2 0 0.17868 -0.0861146 0.844151 -0.0241873 0.707647 -0.705825 -0.0214602
25.24 0 0.177489 -0.0867284 0.838092 -0.0246816 0.707917 -0.705564 -0.0205826
25.28 0 0.17865 -0.0872959 0.834208 -0.0190503 0.707392 -0.706272 -0.0203506
25.32 0 0.179617 -0.0866739 0.829374 -0.0225084 0.708179 -0.705321 -0.022309
25.36 0 0.180205 -0.086905 0.823372 -0.00910149 0.707349 -0.705608 -0.0411312
25.4 0 0.179297 -0.0866223 0.815165 -0.0129414 0.707912 -0.705941 -0.018454
25.44 0 0.179654 -0.0879159 0.814127 0.0307743 -0.704928 0.707737 0.0351673
25.48 0 0.179157 -0.0881035 0.806639 0.0189323 -0.706462 0.707283 0.0174054
25.52 0 0.179916 -0.0880996 0.803426 0.0275547 -0.705707 0.707446 0.0271682
25.56 0 0.180312 -0.0876672 0.796065 0.0209732 -0.705957 0.707615 0.0215849
25.6 0 0.17951 -0.0873464 0.787343 -0.0107969 0.706551 -0.706328 -0.0420565
25.64 0 0.180024 -0.088401 0.785027 -0.0189087 0.707397 -0.70644 -0.0132152
25.68 0 0.178807 -0.0886436 0.776434 0.0187888 -0.70607 0.706334 0.0469454
25.72 0 0.179713 -0.0888239 0.770316 -0.00546695 0.708104 -0.705807 -0.0199116
25.76 0 0.180693 -0.0889003 0.765031 0.0154549 -0.706392 0.707209 0.0250531
25.8 0 0.180611 -0.088516 0.758016 -0.00935182 0.708914 -0.704815 -0.024262
25.84 0 0.180073 -0.0888182 0.75076 -0.00419133 0.708845 -0.705018 -0.0217018
25.88 0 0.179786 -0.0892656 0.745453 0.0122164 -0.706224 0.707358 0.0272459
25.92 0 0.179987 -0.0896019 0.741312 0.0227938 -0.706315 0.706997 0.0274684
25.96 0 0.180454 -0.0898878 0.733697 0.010031 -0.705274 0.708128 0.0323021
26 0 0.180622 -0.0893335 0.72788 -0.0196538 0.706891 -0.706506 -0.0277145
26.04 0 0.181385 -0.0899233 0.721798 -0.0130915 0.707007 -0.706485 -0.0291217
26.08 0 0.180871 -0.0900514 0.715119 -0.0114409 0.708947 -0.704953 -0.0174162
26.12 0 0.181204 -0.0910184 0.710549 0.0199736 -0.706791 0.706815 0.0214578
26.16 0 0.180708 -0.0909851 0.704114 -0.0134611 0.706988 -0.706674 -0.0244579
26.2 0 0.181881 -0.0910026 0.699474 0.017065 -0.706145 0.707502 0.0225527
26.24 0 0.18181 -0.0908515 0.69386 -0.0164444 0.707222 -0.706482 -0.0212054
26.28 0 0.18129 -0.0908523 0.687015 -0.0152001 0.707929 -0.705623 -0.026488
26.32 0 0.180735 -0.0911746 0.680083 -0.0087354 0.70955 -0.704227 -0.0229422
26.36 0 0.181237 -0.091779 0.673852 -0.0112197 0.707607 -0.706134 -0.0232734
26.4 0 0.182373 -0.0921287 0.669913 0.0232951 -0.705794 0.70759 0.0250686
26.44 0 0.182513 -0.0920308 0.661898 -0.00958419 0.707334 -0.706562 -0.018861
26.48 0 0.182584 -0.0915493 0.655461 -0.00808256 0.707142 -0.70649 -0.0275107
26.52 0 0.182124 -0.091863 0.649865 0.0110251 -0.70666 0.707204 0.0193001
26.56 0 0.181738 -0.0920803 0.645712 0.0177401 -0.705124 0.708257 0.0292932
26.6 0 0.181019 -0.0923165 0.63982 0.0177879 -0.70593 0.707691 0.0228135
26.64 0 0.180919 -0.0921418 0.632908 -0.00987023 0.706957 -0.706744 -0.0250589
26.68 0 0.182214 -0.0923681 0.629291 0.0171552 -0.706235 0.707151 0.029582
26.72 0 0.18257 -0.092419 0.62366 -0.0138549 0.707166 -0.706231 -0.0310224
26.76 0 0.183002 -0.0930058 0.618599 0.0132913 -0.706486 0.707181 0.0244239
26.8 0 0.182573 -0.0934883 0.613855 -0.011447 0.707616 -0.706015 -0.0263023
26.84 0 0.182066 -0.0936069 0.607675 0.0103625 -0.706511 0.707177 0.0252049
26.88 0 0.181907 -0.0934686 0.603919 -0.0116374 0.708378 -0.705361 -0.0230627
26.92 0 0.182782 -0.093514 0.598742 0.007809 -0.706878 0.707051 0.018479
26.96 0 0.18282 -0.0932506 0.59461 -0.0112967 0.707489 -0.706324 -0.0209471
27 0 0.183197 -0.0935572 0.590394 0.0117271 -0.706585 0.707281 0.0188238
27.04 0 0.183185 -0.0941255 0.586347 0.0118449 -0.706201 0.707407 0.0267343
27.08 0 0.183419 -0.094913 0.583185 0.0101548 -0.705237 0.708429 0.0258025
27.12 0 0.183122 -0.0946098 0.579737 -0.00694094 0.707098 -0.70666 -0.0244151
27.16 0 0.182992 -0.094007 0.575751 0.00997782 -0.706494 0.707133 0.0270149
27.2 0 0.183102 -0.093723 0.572848 0.0108194 -0.705972 0.707633 0.0272468
27.24 0 0.182294 -0.0935438 0.568349 -0.00877501 0.70702 -0.706862 -0.0197955
27.28 0 0.182584 -0.0943101 0.566665 0.0114829 -0.706524 0.707126 0.0257685
27.32 0 0.18265 -0.0947129 0.563878 0.0122251 -0.706511 0.707089 0.0268016
27.36 0 0.182326 -0.0949488 0.559299 -0.00291547 0.707275 -0.70636 -0.0284493
27.4 0 0.183002 -0.0953306 0.557323 0.010767 -0.706088 0.707597 0.0251155
27.44 0 0.182399 -0.0944886 0.553743 -0.00629757 0.707934 -0.705736 -0.0269514
27.48 0 0.182239 -0.0943035 0.551134 -0.00986549 0.706976 -0.706716 -0.0253046
27.52 0 0.182196 -0.0942998 0.548036 0.0143802 -0.705819 0.707914 0.0216798
27.56 0 0.181566 -0.0942847 0.544005 -0.00903014 0.707283 -0.706433 -0.0249408
27.6 0 0.182084 -0.0950281 0.541039 -0.0108505 0.707109 -0.706833 -0.0163252
27.64 0 0.182944 -0.095331 0.538157 0.012174 -0.706008 0.7075 0.0291291
27.68 0 0.183272 -0.0953562 0.534326 0.00742024 -0.706779 0.70691 0.0261906
27.72 0 0.183178 -0.0950336 0.530936 -0.00704794 0.707243 -0.706492 -0.0250357
27.76 0 0.183142 -0.0949683 0.528833 0.0119081 -0.70672 0.706979 0.0241975
27.8 0 0.182273 -0.0951043 0.524835 -0.0073705 0.707005 -0.706833 -0.0218131
27.84 0 0.182133 -0.0952995 0.521935 -0.00820674 0.706987 -0.706777 -0.0238376
27.88 0 0.183029 -0.0956823 0.519674 0.00781241 -0.706513 0.70712 0.0275595
27.92 0 0.183772 -0.0958903 0.516757 0.00795237 -0.706772 0.707048 0.0221834
27.96 0 0.184093 -0.0954803 0.514303 0.00727414 -0.70678 0.707082 0.0210765
28 0 0.18354 -0.0953998 0.511362 0.00566675 -0.706413 0.707384 0.0235998
28.04 0 0.18248 -0.0955535 0.509898 -0.00575336 0.707451 -0.706369 -0.0228541
28.08 0 0.181857 -0.0957248 0.508126 -0.00783783 0.70745 -0.706445 -0.0197068
28.12 0 0.181931 -0.0956784 0.506214 -0.00761491 0.707702 -0.706151 -0.0212286
28.16 0 0.18296 -0.095726 0.504515 -0.0103904 0.707118 -0.706837 -0.01605
28.2 0 0.183511 -0.0955666 0.502442 -0.00669242 0.707878 -0.706028 -0.0197186
28.24 0 0.18322 -0.0954239 0.499881 -0.00233718 0.707364 -0.706416 -0.0246471
28.28 0 0.182403 -0.0950314 0.498945 -0.00449481 0.708665 -0.70519 -0.021912
28.32 0 0.18182 -0.0953883 0.497509 0.00580032 -0.706201 0.707553 0.0247892
28.36 0 0.181357 -0.095618 0.497239 0.00964893 -0.706509 0.707209 0.0246598
28.4 0 0.181914 -0.0961414 0.496332 0.00957757 -0.706347 0.707534 0.0194308
28.44 0 0.182636 -0.0960608 0.494721 0.00915008 -0.70618 0.707533 0.0249556
28.48 0 0.183298 -0.0959484 0.49341 0.00719898 -0.706605 0.707115 0.0254147
28.52 0 0.182696 -0.0955859 0.491517 -0.00297571 0.708803 -0.704976 -0.0244609
28.56 0 0.18247 -0.0956113 0.490461 0.00646294 -0.706208 0.707579 0.0236849
28.6 0 0.18193 -0.0961853 0.488941 0.00405849 -0.706489 0.707338 0.0230045
28.64 0 0.182147 -0.0957898 0.489253 0.0117198 -0.706711 0.706971 0.0247693
28.68 0 0.182992 -0.0951637 0.488986 0.00957755 -0.706582 0.70718 0.0233883
28.72 0 0.182631 -0.0950031 0.488267 -0.0074875 0.707674 -0.706077 -0.0244438
28.76 0 0.181765 -0.0948788 0.487231 -0.00283924 0.707511 -0.706457 -0.0184056
28.8 0 0.180835 -0.0949391 0.488233 -0.00634941 0.707326 -0.706447 -0.0241386
28.84 0 0.180812 -0.0951395 0.488318 0.00635728 -0.706355 0.707514 0.0211273
28.88 0 0.180509 -0.0951086 0.487551 0.00308921 -0.706147 0.707585 0.0258902
28.92 0 0.180803 -0.0951559 0.48836 -0.00469185 0.709559 -0.704387 -0.0185075
28.96 0 0.180372 -0.094582 0.487322 -0.00523746 0.708836 -0.704947 -0.0239528
29 0 0.180748 -0.0945502 0.487057 0.00761111 -0.706678 0.707272 0.0177445
29.04 0 0.179905 -0.0939207 0.486883 -0.00501833 0.707947 -0.706038 -0.0171861
29.08 0 0.179751 -0.0936637 0.486658 -0.0107128 0.707052 -0.706779 -0.0206604
29.12 0 0.178741 -0.0932578 0.485252 -0.00587944 0.707741 -0.706282 -0.0152758
29.16 0 0.179201 -0.0933099 0.485769 0.00810382 -0.706638 0.70729 0.0183537
29.2 0 0.179011 -0.0931756 0.485357 -0.00752505 0.7074 -0.70666 -0.0126909
29.24 0 0.178726 -0.0930118 0.485137 -0.00744806 0.707364 -0.706596 -0.0174002
29.28 0 0.178776 -0.0929641 0.484633 -0.00522628 0.707459 -0.706441 -0.0204022
29.32 0 0.179775 -0.0935687 0.486265 0.00885805 -0.706613 0.707318 0.0179005
29.36 0 0.17992 -0.0936788 0.486143 -0.00484745 0.708466 -0.705512 -0.0174663
29.4 0 0.180656 -0.0944133 0.48714 0.00860473 -0.706692 0.707196 0.0196482
29.44 0 0.180507 -0.0948807 0.487834 -0.00529631 0.708496 -0.705426 -0.0194772
29.48 0 0.180824 -0.0952197 0.488559 -0.00653596 0.707623 -0.706312 -0.0187173
29.52 0 0.181262 -0.0954364 0.489301 0.0128201 -0.706179 0.707411 0.0267765
29.56 0 0.181726 -0.0954277 0.48837 0.00482784 -0.706034 0.707791 0.0228921
29.6 0 0.18203 -0.0953155 0.488709 -0.00683655 0.707273 -0.706433 -0.025883
29.64 0 0.182458 -0.0952722 0.488184 0.00570291 -0.706703 0.707065 0.0244513
29.68 0 0.182683 -0.0953506 0.488972 0.0083961 -0.706412 0.707346 0.0239414
29.72 0 0.182026 -0.095403 0.489041 -0.00844225 0.707214 -0.706538 -0.0241183
29.76 0 0.181778 -0.0954968 0.488877 -0.00638177 0.707314 -0.706532 -0.0218799
29.8 0 0.181922 -0.0957472 0.489274 -0.00841843 0.707405 -0.706511 -0.0186952
29.84 0 0.182188 -0.0957894 0.489077 -0.00349433 0.707384 -0.70638 -0.0249351
29.88 0 0.18255 -0.0958779 0.489407 -0.00549822 0.708789 -0.705222 -0.0158212
29.92 0 0.182857 -0.0959026 0.489232 0.00585999 -0.706635 0.707068 0.0262061
29.96 0 0.182414 -0.0959251 0.489406 -0.00308797 0.708962 -0.704905 -0.0217275
30 0 0.182212 -0.0959727 0.48982 -0.00724576 0.708411 -0.705537 -0.017847
30.04 0 0.182148 -0.0959379 0.489481 -0.00528452 0.707528 -0.706237 -0.0246126
30.08 0 0.182404 -0.0959033 0.48955 0.0086656 -0.706387 0.707315 0.0254611
30.12 0 0.182563 -0.0960749 0.48947 0.00979068 -0.705926 0.707804 0.0242001
30.16 0 0.182583 -0.0957591 0.489687 -0.00861746 0.707467 -0.70627 -0.0244583
30.2 0 0.182629 -0.095783 0.489462 0.00855518 -0.706767 0.706974 0.02437
30.24 0 0.182384 -0.0957934 0.489498 -0.00753251 0.708089 -0.70581 -0.0196459
30.28 0 0.183226 -0.0963019 0.490456 0.0092887 -0.706194 0.707592 0.0227513
30.32 0 0.18268 -0.0963319 0.490207 0.00912672 -0.706519 0.707194 0.024992
30.36 0 0.182474 -0.0963697 0.489985 0.0081335 -0.706557 0.707243 0.0227767
30.4 0 0.182615 -0.0963515 0.489996 0.00976352 -0.706398 0.707327 0.024399
30.44 0 0.183051 -0.0962384 0.490234 0.00897554 -0.706514 0.707268 0.0230009
30.48 0 0.182696 -0.0960457 0.489069 -0.00291099 0.707464 -0.706302 -0.0249774
30.52 0 0.183136 -0.0963299 0.489781 -0.00323505 0.707484 -0.70626 -0.025543
30.56 0 0.182977 -0.0964334 0.490131 0.00758851 -0.706878 0.706898 0.0236653
30.6 0 0.182063 -0.0963397 0.489631 -0.00648564 0.708565 -0.705374 -0.0184873
30.64 0 0.181956 -0.0964321 0.48996 -0.00615872 0.708765 -0.705164 -0.0189435
30.68 0 0.18249 -0.0965765 0.489897 0.00348497 -0.706707 0.70691 0.0288263
30.72 0 0.182978 -0.0969039 0.491264 0.00947761 -0.705937 0.707742 0.0257722
30.76 0 0.182631 -0.0967305 0.490202 -0.00171519 0.707958 -0.705758 -0.0264137
30.8 0 0.182749 -0.0968379 0.490917 -0.00605669 0.707431 -0.706151 -0.0292507
30.84 0 0.18152 -0.0968457 0.491081 -0.00578305 0.708036 -0.705839 -0.021051
30.88 0 0.177087 -0.0969571 0.490843 0.00687558 -0.706867 0.706955 0.0225076
30.92 0 0.17153 -0.0967973 0.491722 -0.00896165 0.708062 -0.705873 -0.0176393
30.96 0 0.167331 -0.0967322 0.49158 0.0121967 -0.706502 0.707362 0.0185849
31 0 0.16404 -0.0963233 0.490295 -0.00353692 0.707504 -0.706299 -0.0238277
31.04 0 0.162718 -0.096088 0.487152 0.00623708 -0.700332 0.710282 0.0706873
31.08 0 0.162026 -0.0963355 0.486958 0.00805781 -0.699038 0.710229 0.0827996
31.12 0 0.161525 -0.0973331 0.492154 -0.00907344 0.707457 -0.706401 -0.020475
31.16 0 0.159454 -0.0971832 0.488221 0.00909379 -0.69834 0.710453 0.0865754
31.2 0 0.156372 -0.0980876 0.493855 0.0130472 -0.706917 0.70698 0.0166864
31.24 0 0.152927 -0.0982515 0.494175 -0.00870779 0.70745 -0.706422 -0.0201901
31.28 0 0.150106 -0.0979509 0.493979 0.0111314 -0.706828 0.706837 0.0255516
31.32 0 0.14802 -0.0981849 0.494294 0.0117839 -0.706131 0.707537 0.0251384
31.36 0 0.144736 -0.098063 0.494122 0.012556 -0.706297 0.707535 0.0195236
31.4 0 0.139866 -0.0977028 0.494538 -0.0165324 0.70755 -0.706284 -0.0161921
31.44 0 0.133131 -0.0978384 0.494369 -0.0165113 0.707002 -0.706733 -0.020108
31.48 0 0.125553 -0.0977548 0.494758 -0.0153297 0.707282 -0.706518 -0.0186776
31.52 0 0.117885 -0.0979054 0.4946 -0.0109292 0.707972 -0.705928 -0.0179419
31.56 0 0.110626 -0.0979571 0.495892 -0.0162543 0.70785 -0.706059 -0.0128268
31.6 0 0.102369 -0.0979512 0.495579 -0.0153613 0.708164 -0.705668 -0.0173613
31.64 0 0.0931227 -0.0981417 0.495709 -0.0162234 0.707795 -0.706071 -0.015058
31.68 0 0.0822647 -0.0982721 0.495769 -0.0164398 0.708199 -0.705672 -0.0145022
31.72 0 0.0720681 -0.0986664 0.497123 -0.0191705 0.708196 -0.705668 -0.0111309
31.76 0 0.0622283 -0.0988497 0.498009 -0.0211793 0.708719 -0.705112 -0.00919788
31.8 0 0.0535865 -0.098857 0.497761 -0.0209434 0.708803 -0.704993 -0.0120141
31.84 0 0.0456846 -0.098973 0.497757 -0.0197081 0.708308 -0.705593 -0.00703
31.88 0 0.0383313 -0.0987274 0.498062 -0.0230416 0.709028 -0.70467 -0.0137225
31.92 0 0.0320496 -0.098777 0.497673 -0.0233205 0.708201 -0.705603 -0.00565921
31.96 0 0.0260103 -0.0986019 0.49752 -0.0202189 0.709801 -0.704092 -0.00526596
32 0 0.0205736 -0.0987977 0.498441 -0.0268508 0.708898 -0.704786 -0.00441574
32.04 0 0.0148462 -0.0987835 0.498064 -0.0257789 0.709536 -0.704163 -0.00691274
32.08 0 0.008614 -0.099006 0.498093 -0.0238122 0.708943 -0.70483 -0.00690464
32.12 0 0.00135691 -0.0993845 0.498996 -0.0279274 0.709027 -0.704588 -0.00749116
32.16 0 -0.00710739 -0.0994903 0.498772 -0.0261871 0.709483 -0.704236 2.35129e-05
32.2 0 -0.0150196 -0.0999541 0.50038 -0.03004 0.709157 -0.704402 -0.00328092
32.24 0 -0.0221257 -0.0999821 0.500438 -0.0322753 0.709328 -0.704136 0.00217891
32.28 0 -0.0285027 -0.100021 0.499469 -0.0281101 0.709382 -0.704245 -0.00513569
32.32 0 -0.0350234 -0.0997132 0.498906 -0.0258728 0.709805 -0.703886 -0.00727398
32.36 0 -0.0428815 -0.0995957 0.49903 -0.0311214 0.710136 -0.703376 -0.000917788
32.4 0 -0.0516063 -0.0997525 0.499543 -0.0333311 0.709788 -0.70362 -0.00280179
32.44 0 -0.0599769 -0.0998537 0.500044 -0.035456 0.709846 -0.703463 0.0012847
32.48 0 -0.0676646 -0.0997908 0.499382 -0.035716 0.709805 -0.703485 -0.00305959
32.52 0 -0.0750746 -0.0998902 0.500056 -0.0397506 0.709974 -0.703105 -0.00069707
32.56 0 -0.0821725 -0.0999307 0.499778 -0.037205 0.71007 -0.70311 0.00724673
32.6 0 -0.0895533 -0.100073 0.499622 -0.0382569 0.710291 -0.702868 0.000292756
32.64 0 -0.0957984 -0.100486 0.500268 -0.040803 0.709366 -0.703643 0.00460671
32.68 0 -0.101929 -0.100555 0.500072 -0.037949 0.709968 -0.703203 0.00317317
32.72 0 -0.107836 -0.100577 0.500371 -0.0446535 0.70961 -0.703166 0.00423613
32.76 0 -0.113989 -0.100602 0.500887 -0.0453547 0.709716 -0.702995 0.00667969
32.8 0 -0.119111 -0.100455 0.499923 -0.0438141 0.709882 -0.702947 0.00377126
32.84 0 -0.12354 -0.100356 0.499784 -0.0449365 0.710311 -0.702423 0.0064998
32.88 0 -0.128323 -0.100404 0.499436 -0.0418551 0.710352 -0.702586 0.00457931
32.92 0 -0.133064 -0.100376 0.499747 -0.0447183 0.710279 -0.702493 0.0027776
32.96 0 -0.139848 -0.100368 0.499631 -0.0465787 0.71019 -0.702418 0.00835301
33 0 -0.146883 -0.100412 0.499525 -0.0501014 0.710039 -0.702334 0.00780174
33.04 0 -0.152296 -0.100326 0.498893 -0.0460516 0.710859 -0.701807 0.00503065
33.08 0 -0.154434 -0.100456 0.499858 -0.0512593 0.710863 -0.70142 0.00745076
33.12 0 -0.153968 -0.100458 0.499127 -0.0464047 0.710445 -0.702169 0.00858463
33.16 0 -0.154205 -0.100697 0.499272 -0.0469982 0.710353 -0.702253 0.00546973
33.2 0 -0.154719 -0.100669 0.499877 -0.0459587 0.710917 -0.70172 0.00859284
33.24 0 -0.154782 -0.100767 0.500529 -0.0502563 0.711065 -0.701302 0.00602186
33.28 0 -0.155225 -0.100805 0.499933 -0.0465359 0.711111 -0.701509 0.00629536
33.32 0 -0.158801 -0.10086 0.499674 -0.048931 0.710902 -0.701565 0.00563059
33.36 0 -0.164916 -0.100786 0.50007 -0.0571016 0.710271 -0.701546 0.00940614
33.4 0 -0.171017 -0.100512 0.498538 -0.0501618 0.710836 -0.701518 0.00824151
33.44 0 -0.176718 -0.100403 0.49878 -0.0521404 0.711317 -0.700901 0.00688052
33.48 0 -0.180489 -0.100178 0.497409 -0.0483135 0.710996 -0.701447 0.0110658
33.52 0 -0.183801 -0.10003 0.497054 -0.0480313 0.711228 -0.701262 0.00891882
33.56 0 -0.186939 -0.100277 0.497721 -0.0488557 0.71124 -0.701186 0.00937738
33.6 0 -0.189491 -0.100397 0.497758 -0.0497959 0.711795 -0.700571 0.0082268
33.64 0 -0.191977 -0.100579 0.49796 -0.0522338 0.710761 -0.701372 0.0129816
33.68 0 -0.196029 -0.100462 0.497918 -0.0497491 0.711226 -0.701139 0.00928589
33.72 0 -0.2003 -0.100737 0.498389 -0.0522935 0.711178 -0.700952 0.0125419
33.76 0 -0.202893 -0.100516 0.49762 -0.0476091 0.710917 -0.701533 0.0135086
33.8 0 -0.205894 -0.100464 0.496853 -0.0462478 0.711734 -0.700858 0.00968527
33.84 0 -0.206376 -0.10058 0.497133 -0.048731 0.710823 -0.701549 0.0136062
33.88 0 -0.206221 -0.100527 0.496671 -0.0436116 0.711404 -0.701346 0.0107392
33.92 0 -0.206469 -0.100905 0.497824 -0.046631 0.711125 -0.701362 0.0147666
33.96 0 -0.205665 -0.100766 0.496422 -0.0436107 0.710539 -0.702107 0.016688
34 0 -0.20545 -0.101007 0.498277 -0.0512769 0.710301 -0.701863 0.0152224
34.04 0 -0.205236 -0.100677 0.497402 -0.0499408 0.710701 -0.701587 0.0136053
34.08 0 -0.205388 -0.100891 0.497817 -0.0499961 0.711069 -0.701266 0.0103718
34.12 0 -0.205298 -0.100674 0.497623 -0.0436665 0.711538 -0.701177 0.0125964
34.16 0 -0.205059 -0.100658 0.496853 -0.0444093 0.711669 -0.701054 0.00885028
34.2 0 -0.205168 -0.100686 0.497702 -0.0517219 0.710987 -0.701203 0.0116781
34.24 0 -0.205216 -0.100834 0.497599 -0.0500194 0.710823 -0.701434 0.014814
34.28 0 -0.205079 -0.101015 0.498192 -0.0489623 0.710433 -0.701956 0.0120782
34.32 0 -0.204976 -0.101082 0.498593 -0.0504847 0.710825 -0.701452 0.0120561
34.36 0 -0.204622 -0.101241 0.498445 -0.0495506 0.710839 -0.70153 0.0103811
34.4 0 -0.204687 -0.101433 0.499114 -0.0503502 0.711396 -0.700941 0.00786595
34.44 0 -0.204293 -0.101478 0.499115 -0.0453459 0.710762 -0.701845 0.0132614
34.48 0 -0.204085 -0.101877 0.499825 -0.0508147 0.709993 -0.702231 0.0141328
34.52 0 -0.203967 -0.101821 0.499706 -0.0508019 0.711448 -0.70084 0.00913735
34.56 0 -0.203722 -0.102194 0.499993 -0.0513809 0.71081 -0.701415 0.0112293
34.6 0 -0.203306 -0.102205 0.500486 -0.052085 0.710877 -0.701309 0.0103687
34.64 0 -0.202717 -0.102413 0.500656 -0.0475994 0.710696 -0.70182 0.00966986
34.68 0 -0.20274 -0.102935 0.50214 -0.0506859 0.711304 -0.701027 0.00625987
34.72 0 -0.202622 -0.103077 0.501702 -0.0507367 0.711159 -0.701178 0.00533443
34.76 0 -0.202559 -0.103136 0.501231 -0.0482304 0.711153 -0.701333 0.00826014
34.8 0 -0.202436 -0.103464 0.502252 -0.0531666 0.709755 -0.702321 0.0129462
34.84 0 -0.20245 -0.10365 0.503114 -0.0564921 0.710619 -0.701239 0.00968436
34.88 0 -0.201514 -0.10344 0.501909 -0.0490886 0.710551 -0.701874 0.00900241
34.92 0 -0.201487 -0.103439 0.50209 -0.0475186 0.710784 -0.701743 0.00922227
34.96 0 -0.201409 -0.103422 0.501566 -0.0481686 0.710198 -0.702248 0.0120521
35 0 -0.201422 -0.103555 0.50213 -0.0468517 0.710756 -0.701842 0.00692293
35.04 0 -0.201531 -0.103756 0.502766 -0.0533542 0.710814 -0.701285 0.00985381
35.08 0 -0.201304 -0.103823 0.502264 -0.0455838 0.711254 -0.701438 0.00489746
35.12 0 -0.201072 -0.103963 0.503216 -0.0528639 0.710888 -0.701273 0.00780398
35.16 0 -0.200929 -0.104124 0.50341 -0.0489048 0.711588 -0.700881 0.0041043
35.2 0 -0.201026 -0.104305 0.503914 -0.0521384 0.711674 -0.700573 0.000464064
35.24 0 -0.201301 -0.104413 0.504523 -0.0520013 0.710801 -0.701425 0.0077779
35.28 0 -0.201699 -0.104431 0.504709 -0.0552906 0.71128 -0.700712 0.00515308
35.32 0 -0.20164 -0.104617 0.504694 -0.0571164 0.710406 -0.7014 0.00999388
35.36 0 -0.201295 -0.104292 0.50416 -0.0514243 0.710769 -0.701504 0.00738495
35.4 0 -0.201074 -0.104225 0.503456 -0.0490068 0.710547 -0.701841 0.0118687
35.44 0 -0.201166 -0.104368 0.503991 -0.0558451 0.710894 -0.70104 0.00739927
35.48 0 -0.201149 -0.10411 0.503557 -0.051794 0.710064 -0.702121 0.0123256
35.52 0 -0.201534 -0.103992 0.503791 -0.0525826 0.710665 -0.701462 0.0118829
35.56 0 -0.201509 -0.104063 0.503638 -0.0500468 0.710595 -0.701769 0.00839811
35.6 0 -0.201323 -0.103725 0.502623 -0.0480033 0.710682 -0.701812 0.00929187
35.64 0 -0.201328 -0.103882 0.502937 -0.0498385 0.711143 -0.701241 0.00729055
35.68 0 -0.20129 -0.103948 0.503467 -0.0522279 0.711132 -0.701104 0.00393806
35.72 0 -0.201042 -0.104028 0.503289 -0.0507444 0.710619 -0.701691 0.00867054
35.76 0 -0.20152 -0.104425 0.504389 -0.0551993 0.711477 -0.700534 0.00258405
35.8 0 -0.201037 -0.103946 0.502619 -0.0447112 0.710578 -0.702112 0.0109508
35.84 0 -0.201341 -0.104195 0.503604 -0.0522556 0.710319 -0.701834 0.0120331
35.88 0 -0.201261 -0.104318 0.504011 -0.0512254 0.710624 -0.701673 0.00667044
35.92 0 -0.20133 -0.104298 0.50409 -0.0545895 0.711146 -0.700886 0.00708684
35.96 0 -0.201314 -0.104295 0.503872 -0.0505232 0.71144 -0.700876 0.00856242
36 0 -0.201153 -0.104213 0.503651 -0.0535629 0.711083 -0.701017 0.00824034
36.04 0 -0.201048 -0.10404 0.502933 -0.048566 0.711313 -0.701163 0.00672695
36.08 0 -0.20118 -0.103937 0.50303 -0.0498792 0.710317 -0.701983 0.0134684
36.12 0 -0.201177 -0.104009 0.50279 -0.0457052 0.711198 -0.701465 0.00740566
36.16 0 -0.20153 -0.104059 0.503829 -0.0557484 0.710671 -0.701239 0.0101385
36.2 0 -0.201209 -0.103882 0.503052 -0.0519754 0.711089 -0.701145 0.00679229
36.24 0 -0.201084 -0.104035 0.503015 -0.0502173 0.710574 -0.701781 0.00809372
36.28 0 -0.201346 -0.104185 0.503912 -0.0543514 0.710508 -0.701513 0.0101646
36.32 0 -0.201395 -0.103929 0.503506 -0.0520681 0.710225 -0.701913 0.0136995
36.36 0 -0.201315 -0.103953 0.503135 -0.0520598 0.71078 -0.701448 0.00720813
36.4 0 -0.20162 -0.104117 0.504208 -0.0552199 0.711276 -0.700718 0.00559001
36.44 0 -0.201284 -0.104134 0.503724 -0.053348 0.710376 -0.701729 0.00984026
36.48 0 -0.2013 -0.104358 0.504091 -0.0537889 0.710285 -0.701801 0.00880638
36.52 0 -0.20114 -0.10426 0.503989 -0.0554687 0.710234 -0.701703 0.0102126
36.56 0 -0.201375 -0.104355 0.504084 -0.0526287 0.710639 -0.701532 0.00864414
36.6 0 -0.201224 -0.10419 0.503594 -0.0515488 0.711236 -0.701041 0.00537096
36.64 0 -0.20158 -0.104344 0.504488 -0.056959 0.710491 -0.701343 0.00872348
36.68 0 -0.201464 -0.104141 0.50417 -0.0542477 0.710525 -0.701505 0.0101495
36.72 0 -0.20105 -0.103988 0.502871 -0.0492844 0.71072 -0.701703 0.00780612
36.76 0 -0.201287 -0.104332 0.504205 -0.0545194 0.710562 -0.701474 0.00803091
36.8 0 -0.20112 -0.104365 0.503744 -0.0521763 0.71029 -0.701916 0.00893619
36.84 0 -0.201164 -0.103773 0.502677 -0.0495996 0.711783 -0.700614 0.00673111
36.88 0 -0.201484 -0.104232 0.503967 -0.0561976 0.7104 -0.701478 0.0101157
36.92 0 -0.201072 -0.103923 0.503306 -0.0530125 0.710278 -0.701865 0.00894713
36.96 0 -0.201286 -0.104022 0.503134 -0.051288 0.710968 -0.701308 0.0078605
37 0 -0.201253 -0.104203 0.503675 -0.0510258 0.710713 -0.701573 0.00891363
37.04 0 -0.201382 -0.104199 0.504326 -0.0546513 0.711292 -0.700729 0.0075282
37.08 0 -0.200968 -0.104051 0.503221 -0.0477933 0.710948 -0.701591 0.00624619
37.12 0 -0.201191 -0.104107 0.503696 -0.0533555 0.711203 -0.700938 0.00539421
37.16 0 -0.201247 -0.104255 0.503805 -0.0519918 0.71052 -0.701694 0.00918964
37.2 0 -0.201305 -0.104108 0.503715 -0.0528922 0.710753 -0.701405 0.00794833
37.24 0 -0.201619 -0.104416 0.504659 -0.056191 0.710738 -0.701155 0.00871026
37.28 0 -0.201228 -0.104086 0.503696 -0.0535882 0.711144 -0.700963 0.00727487
37.32 0 -0.20109 -0.10404 0.503059 -0.0518907 0.711124 -0.701113 0.00711717
37.36 0 -0.201265 -0.1042 0.503712 -0.051904 0.710706 -0.701514 0.00895695
37.4 0 -0.201525 -0.104122 0.504148 -0.0577717 0.710858 -0.70089 0.0098768
37.44 0 -0.201215 -0.103962 0.503028 -0.0509285 0.711312 -0.700994 0.00696342
37.48 0 -0.201312 -0.104018 0.503304 -0.0533114 0.710846 -0.701275 0.00837796
37.52 0 -0.20133 -0.104083 0.503201 -0.051808 0.710916 -0.701324 0.00770572
37.56 0 -0.201462 -0.104346 0.504627 -0.0579205 0.710511 -0.70126 0.00730829
37.6 0 -0.201307 -0.104234 0.503977 -0.0544051 0.710568 -0.701463 0.00907968
37.64 0 -0.201276 -0.104166 0.503836 -0.0518639 0.711171 -0.701043 0.00917032
37.68 0 -0.201068 -0.103861 0.50274 -0.0490356 0.711212 -0.701231 0.00688273
37.72 0 -0.201438 -0.104025 0.50366 -0.0531359 0.710744 -0.701364 0.0103989
37.76 0 -0.201294 -0.103973 0.503188 -0.0501125 0.71085 -0.701489 0.00966429
37.8 0 -0.201352 -0.104183 0.503548 -0.0512015 0.71073 -0.70154 0.00907283
37.84 0 -0.201261 -0.104167 0.503367 -0.0502852 0.710753 -0.701555 0.011056
37.88 0 -0.201135 -0.104068 0.503436 -0.0484833 0.711133 -0.701363 0.00537293
37.92 0 -0.201304 -0.104352 0.504416 -0.0552956 0.710763 -0.701232 0.00569346
37.96 0 -0.201159 -0.104233 0.503719 -0.0506748 0.710365 -0.701958 0.00833376
38 0 -0.201074 -0.104057 0.503001 -0.0500399 0.711131 -0.701259 0.00501462
38.04 0 -0.201517 -0.104339 0.504109 -0.0544121 0.710606 -0.701404 0.0105325
38.08 0 -0.201424 -0.104288 0.504201 -0.0516712 0.711137 -0.701117 0.00700377
38.12 0 -0.201292 -0.104199 0.503579 -0.0518355 0.711407 -0.70083 0.00711581
38.16 0 -0.201006 -0.104013 0.503113 -0.0501783 0.710844 -0.701508 0.00837507
38.2 0 -0.201232 -0.10406 0.50321 -0.0501861 0.711272 -0.701086 0.00712857
38.24 0 -0.201262 -0.104051 0.503734 -0.0523953 0.711057 -0.701131 0.00819826
38.28 0 -0.201323 -0.104011 0.503331 -0.0516168 0.710806 -0.701433 0.0090364
38.32 0 -0.201097 -0.103717 0.502578 -0.0477832 0.711347 -0.701193 0.00550014
38.36 0 -0.201194 -0.103986 0.503596 -0.0543786 0.710466 -0.701538 0.0111578
38.4 0 -0.20105 -0.103858 0.502694 -0.0495362 0.711028 -0.701385 0.00664251
38.44 0 -0.201547 -0.104125 0.504322 -0.0561147 0.711167 -0.700714 0.00961869
38.48 0 -0.201209 -0.104012 0.503271 -0.052141 0.710909 -0.701292 0.00884587
38.52 0 -0.201073 -0.103878 0.502748 -0.0476581 0.711113 -0.70143 0.00655996
38.56 0 -0.201155 -0.104089 0.502891 -0.0493223 0.710789 -0.701617 0.00888615
38.6 0 -0.20136 -0.104218 0.503782 -0.0534262 0.71097 -0.701126 0.00945229
38.64 0 -0.201397 -0.104345 0.504288 -0.0568815 0.710139 -0.701665 0.0115727
38.68 0 -0.201256 -0.104403 0.504271 -0.0527744 0.710727 -0.701441 0.00787941
38.72 0 -0.20137 -0.104357 0.50435 -0.0549902 0.710744 -0.701255 0.00778286
38.76 0 -0.200995 -0.104016 0.503193 -0.0492682 0.711208 -0.701239 0.00449603
38.8 0 -0.201401 -0.104351 0.504548 -0.0564282 0.710926 -0.700977 0.00567797
38.84 0 -0.201442 -0.104354 0.504246 -0.0546548 0.710588 -0.701405 0.0104787
38.88 0 -0.201054 -0.103915 0.503387 -0.0526984 0.710806 -0.701346 0.00960543
38.92 0 -0.201294 -0.104272 0.503936 -0.0539824 0.710929 -0.701164 0.00588333
38.96 0 -0.201288 -0.104058 0.50388 -0.053907 0.710613 -0.701458 0.0088879
39 0 -0.20107 -0.103805 0.503124 -0.0500924 0.710255 -0.702079 0.0106519
39.04 0 -0.201332 -0.103939 0.503877 -0.0542168 0.71093 -0.701127 0.00777594
39.08 0 -0.201351 -0.104008 0.503756 -0.0554565 0.710697 -0.701245 0.00953642
39.12 0 -0.201126 -0.103836 0.502468 -0.0458512 0.711247 -0.701413 0.00672535
39.16 0 -0.20121 -0.103911 0.503147 -0.0535147 0.710544 -0.701531 0.0108454
39.2 0 -0.201013 -0.10382 0.502573 -0.0481374 0.710787 -0.701712 0.00802376
39.24 0 -0.201197 -0.104079 0.503896 -0.0540957 0.710815 -0.701255 0.00759509
39.28 0 -0.201227 -0.10427 0.50399 -0.0526648 0.711212 -0.700987 0.00448568
39.32 0 -0.201261 -0.104115 0.503713 -0.0505302 0.711169 -0.701159 0.00783454
39.36 0 -0.201343 -0.10434 0.504093 -0.0500901 0.711373 -0.701016 0.00400229
39.4 0 -0.201192 -0.104251 0.503788 -0.0530616 0.710301 -0.70182 0.0102816
39.44 0 -0.201101 -0.104111 0.502933 -0.0468355 0.710844 -0.701727 0.00933747
39.48 0 -0.201165 -0.104209 0.503976 -0.0536323 0.711616 -0.700513 0.00260139
39.52 0 -0.201304 -0.104238 0.503883 -0.0510313 0.71106 -0.701237 0.00749204
39.56 0 -0.201164 -0.104235 0.50345 -0.0501497 0.710284 -0.702029 0.0116613
39.6 0 -0.20102 -0.103976 0.503073 -0.0473955 0.71064 -0.701894 0.00942786
39.64 0 -0.201398 -0.104094 0.503447 -0.0514125 0.711048 -0.701201 0.00923609
39.68 0 -0.201126 -0.103975 0.502904 -0.0515912 0.711064 -0.701211 0.00546617
39.72 0 -0.201489 -0.104012 0.503785 -0.053841 0.711371 -0.700729 0.00562903
39.76 0 -0.201293 -0.103967 0.503054 -0.0495814 0.71108 -0.70133 0.00656098
39.8 0 -0.201358 -0.104063 0.503689 -0.0530073 0.711213 -0.700944 0.00661446
39.84 0 -0.201339 -0.104159 0.503801 -0.0538376 0.710524 -0.701526 0.0109466
39.88 0 -0.201158 -0.103946 0.502786 -0.048934 0.710249 -0.702099 0.0144735
39.92 0 -0.20107 -0.103972 0.503122 -0.0518212 0.711125 -0.701145 0.00350005
39.96 0 -0.201367 -0.104079 0.503423 -0.0501355 0.710777 -0.701527 0.0119173
40 0 -0.201327 -0.104325 0.504329 -0.0522463 0.710331 -0.701836 0.0112686
40.04 0 -0.201263 -0.104292 0.503693 -0.0496065 0.710838 -0.701571 0.00678409
40.08 0 -0.20105 -0.104054 0.503397 -0.0500368 0.710547 -0.701811 0.00903786
40.12 0 -0.201208 -0.104122 0.503573 -0.0513674 0.710682 -0.701582 0.00862335
40.16 0 -0.201053 -0.104273 0.503249 -0.051309 0.710378 -0.701888 0.00915213
40.2 0 -0.201264 -0.104073 0.50372 -0.0529414 0.710328 -0.701762 0.0126666
40.24 0 -0.201193 -0.104068 0.503341 -0.051907 0.710503 -0.701708 0.00986565
40.28 0 -0.201118 -0.103909 0.502705 -0.0443535 0.710436 -0.702249 0.0126126
40.32 0 -0.201099 -0.10404 0.503211 -0.049555 0.710243 -0.702112 0.0117433
40.36 0 -0.201164 -0.104178 0.503603 -0.0516355 0.710687 -0.701579 0.00672039
40.4 0 -0.201076 -0.1039 0.503211 -0.0502506 0.711076 -0.701288 0.00635728
40.44 0 -0.201296 -0.10396 0.503324 -0.0498531 0.710777 -0.701583 0.00965454
40.48 0 -0.201231 -0.10391 0.503163 -0.0510354 0.711195 -0.701109 0.0065784
40.52 0 -0.201086 -0.103955 0.503451 -0.0480846 0.711145 -0.701372 0.00619186
40.56 0 -0.201045 -0.104117 0.50381 -0.0515001 0.709999 -0.702215 0.0119928
40.6 0 -0.201603 -0.104475 0.504845 -0.0581693 0.710475 -0.701249 0.00951635
40.64 0 -0.201253 -0.104256 0.503695 -0.0526852 0.710835 -0.701345 0.00731887
40.68 0 -0.20138 -0.104229 0.503666 -0.0503317 0.710774 -0.701529 0.0111465
40.72 0 -0.201268 -0.104095 0.503567 -0.0531002 0.711322 -0.700826 0.00673147
40.76 0 -0.201681 -0.104367 0.504817 -0.0560047 0.711007 -0.700914 0.00717756
40.8 0 -0.201198 -0.104045 0.503796 -0.0561893 0.710781 -0.701118 0.0081262
40.84 0 -0.201328 -0.104325 0.504264 -0.0555921 0.709975 -0.701913 0.0127675
40.88 0 -0.201414 -0.104278 0.504156 -0.0546804 0.71137 -0.700667 0.00533391
40.92 0 -0.201327 -0.104108 0.503612 -0.0524103 0.710981 -0.701215 0.00743694
40.96 0 -0.201288 -0.104064 0.503737 -0.0524105 0.710612 -0.701572 0.00898001
41 0 -0.20132 -0.104068 0.503488 -0.0494482 0.711007 -0.7014 0.00791484
41.04 0 -0.200608 -0.104113 0.501982 -0.0449306 0.709752 -0.702952 0.00957427
41.08 0 -0.201805 -0.104525 0.505157 -0.0585389 0.710459 -0.701205 0.0115191
41.12 0 -0.201082 -0.104056 0.503491 -0.0517775 0.710888 -0.701373 0.00568914
41.16 0 -0.20114 -0.104229 0.503168 -0.0505246 0.710736 -0.701578 0.00953681
41.2 0 -0.201361 -0.104322 0.504346 -0.0541774 0.71073 -0.701323 0.00862181
41.24 0 -0.201275 -0.104222 0.503969 -0.0525049 0.711588 -0.700626 0.0030321
41.28 0 -0.201115 -0.104265 0.503435 -0.0485726 0.710723 -0.701744 0.00827289
41.32 0 -0.201337 -0.104406 0.504324 -0.0535349 0.711263 -0.70087 0.00443421
41.36 0 -0.201463 -0.104384 0.504518 -0.0547219 0.710423 -0.701558 0.0109716
41.4 0 -0.201306 -0.104264 0.504159 -0.0508827 0.711671 -0.700662 0.00282183
41.44 0 -0.201229 -0.104069 0.503604 -0.0513796 0.710881 -0.701369 0.009483
41.48 0 -0.201286 -0.104087 0.503608 -0.0529506 0.71079 -0.70137 0.00736884
41.52 0 -0.201115 -0.103817 0.502778 -0.050443 0.711055 -0.70129 0.00701607
41.56 0 -0.201288 -0.104013 0.503639 -0.055521 0.710037 -0.701871 0.0118619
41.6 0 -0.201312 -0.103922 0.50337 -0.053276 0.711068 -0.701072 0.00639017
41.64 0 -0.201303 -0.103902 0.503336 -0.0516558 0.710571 -0.701667 0.00919366
41.68 0 -0.201156 -0.103913 0.502939 -0.0499755 0.711078 -0.701316 0.00516343
41.72 0 -0.201419 -0.104155 0.503715 -0.051195 0.710433 -0.701794 0.0122149
41.76 0 -0.201218 -0.104192 0.503779 -0.0542132 0.710606 -0.701465 0.00678216
41.8 0 -0.201253 -0.104262 0.503737 -0.0512886 0.710024 -0.702175 0.0136288
41.84 0 -0.201192 -0.104325 0.503694 -0.0498934 0.711496 -0.700911 0.00293451
41.88 0 -0.201215 -0.104356 0.503794 -0.0521366 0.710992 -0.701233 0.00661132
41.92 0 -0.201455 -0.104382 0.504742 -0.0547833 0.710825 -0.701151 0.0106293
41.96 0 -0.201146 -0.104399 0.503899 -0.051126 0.711339 -0.700981 0.00275874
42 0 -0.20151 -0.104732 0.504989 -0.0585577 0.710484 -0.701223 0.00835941
42.04 0 -0.20134 -0.104437 0.50398 -0.0497867 0.711152 -0.701227 0.00808181
42.08 0 -0.201324 -0.104322 0.504052 -0.0516464 0.711333 -0.700922 0.00678767
42.12 0 -0.201297 -0.104116 0.503906 -0.0512808 0.710961 -0.701315 0.00791764
42.16 0 -0.201083 -0.10392 0.503134 -0.0483573 0.710912 -0.701569 0.00821488
42.2 0 -0.201439 -0.104008 0.503658 -0.0536443 0.710672 -0.701398 0.0104131
42.24 0 -0.201224 -0.103911 0.503078 -0.048996 0.710826 -0.70161 0.00834796
42.28 0 -0.20161 -0.1042 0.504109 -0.0558603 0.710851 -0.701077 0.00783788
42.32 0 -0.201088 -0.103836 0.503112 -0.0520088 0.710767 -0.70147 0.0067995
42.36 0 -0.201367 -0.103977 0.503493 -0.0545253 0.710799 -0.701233 0.0080063
42.4 0 -0.201254 -0.104018 0.503424 -0.0550595 0.710887 -0.701094 0.00868013
42.44 0 -0.20107 -0.10388 0.502606 -0.0473356 0.710977 -0.701557 0.009414
42.48 0 -0.201426 -0.104445 0.504588 -0.0566232 0.710811 -0.701059 0.00762079
42.52 0 -0.201126 -0.104343 0.504222 -0.054721 0.710323 -0.701697 0.00826285
42.56 0 -0.2011 -0.10434 0.503917 -0.0511279 0.710347 -0.70192 0.0100543
42.6 0 -0.201723 -0.104592 0.504988 -0.0540846 0.711339 -0.700746 0.00510203
42.64 0 -0.201487 -0.104602 0.504832 -0.0555796 0.710614 -0.70133 0.00868187
42.68 0 -0.201228 -0.104517 0.504236 -0.0525784 0.710241 -0.701934 0.00901153
42.72 0 -0.201489 -0.104618 0.504614 -0.0550062 0.710519 -0.701494 0.00661033
42.76 0 -0.200984 -0.104004 0.503524 -0.0523425 0.710732 -0.701467 0.00802019
42.8 0 -0.20133 -0.104082 0.503477 -0.0502756 0.711334 -0.701014 0.00740167
42.84 0 -0.201155 -0.103926 0.503483 -0.0493185 0.710855 -0.701565 0.00772962
42.88 0 -0.201444 -0.103932 0.503555 -0.0538646 0.710463 -0.70158 0.0112497
42.92 0 -0.201323 -0.103887 0.503509 -0.051193 0.710302 -0.701924 0.0123673
42.96 0 -0.201175 -0.103764 0.502874 -0.0505745 0.710731 -0.701602 0.00765376
43 0 -0.201403 -0.103876 0.50361 -0.0537021 0.711206 -0.70091 0.00519517
43.04 0 -0.20143 -0.104183 0.503895 -0.0547681 0.711011 -0.701024 0.00538334
43.08 0 -0.201365 -0.104135 0.504197 -0.0541596 0.71139 -0.70069 0.00492423
43.12 0 -0.201243 -0.104298 0.504226 -0.0544751 0.710584 -0.701451 0.00830115
43.16 0 -0.201291 -0.104508 0.504575 -0.0555288 0.710914 -0.701052 0.00660844
43.2 0 -0.201136 -0.104349 0.503946 -0.0502018 0.709992 -0.702316 0.0119371
43.24 0 -0.201199 -0.104417 0.504071 -0.0523505 0.710557 -0.701649 0.0075057
43.28 0 -0.201432 -0.104516 0.504389 -0.0528048 0.711383 -0.700795 0.00575232
43.32 0 -0.201389 -0.104542 0.50431 -0.0527702 0.711142 -0.70104 0.00592319
43.36 0 -0.201076 -0.104233 0.50359 -0.0530357 0.710698 -0.701449 0.00800969
43.4 0 -0.201072 -0.104434 0.504418 -0.0550203 0.710477 -0.701539 0.00621266
43.44 0 -0.201228 -0.104183 0.503594 -0.0518845 0.71064 -0.7016 0.00752118
43.48 0 -0.201314 -0.103963 0.503162 -0.0511836 0.711276 -0.701026 0.00535511
43.52 0 -0.201302 -0.104025 0.503388 -0.0544212 0.710959 -0.701092 0.00677547
43.56 0 -0.201204 -0.103867 0.50316 -0.0515257 0.711288 -0.700988 0.00547646
43.6 0 -0.201385 -0.103939 0.503622 -0.051834 0.710963 -0.701266 0.0083874
43.64 0 -0.201365 -0.10406 0.503538 -0.0528172 0.71086 -0.701308 0.00743983
43.68 0 -0.201271 -0.103976 0.503612 -0.0509062 0.710968 -0.70133 0.00831953
