1.24 0 -0.0243543 -0.102908 0.334245 -0.015482 0.710895 -0.70309 0.00731759
1.28 0 -0.0243661 -0.102923 0.334237 -0.0157228 0.71085 -0.703131 0.0071809
1.32 0 -0.0243817 -0.102867 0.333994 -0.0146092 0.710975 -0.703036 0.00650883
1.36 0 -0.0243941 -0.102835 0.334046 -0.0146836 0.710923 -0.70308 0.00710794
1.4 0 -0.0243907 -0.102862 0.334191 -0.0157232 0.710929 -0.703049 0.00739142
1.44 0 -0.0244174 -0.102851 0.334098 -0.0147575 0.710941 -0.703058 0.00736273
1.48 0 -0.0243902 -0.102841 0.333984 -0.0144651 0.710975 -0.703031 0.00724761
1.52 0 -0.0243581 -0.102917 0.334096 -0.0144978 0.710782 -0.703228 0.00710277
1.56 0 -0.0243952 -0.102898 0.333992 -0.0133693 0.710852 -0.703176 0.00737449
1.6 0 -0.0243776 -0.1029 0.334176 -0.0149819 0.710789 -0.703195 0.00844136
1.64 0 -0.024407 -0.102871 0.334127 -0.014901 0.710999 -0.702993 0.00770405
1.68 0 -0.0243926 -0.102893 0.334146 -0.0155227 0.710782 -0.703195 0.00799709
1.72 0 -0.024426 -0.102864 0.334268 -0.0161434 0.710985 -0.702982 0.00751108
1.76 0 -0.0244113 -0.102821 0.334128 -0.014976 0.710964 -0.703025 0.00783691
1.8 0 -0.0243909 -0.102868 0.334131 -0.014925 0.710932 -0.703067 0.00711365
1.84 0 -0.0243953 -0.102876 0.334126 -0.0159242 0.710839 -0.703137 0.00718419
1.88 0 -0.0243652 -0.102913 0.334199 -0.0152787 0.710933 -0.703063 0.00650828
1.92 0 -0.0243854 -0.102898 0.334164 -0.0153612 0.710955 -0.703035 0.0070078
1.96 0 -0.024367 -0.102932 0.334266 -0.0158389 0.710765 -0.703216 0.00703615
2 0 -0.0244112 -0.102843 0.334139 -0.0153219 0.71106 -0.702924 0.00749199
2.04 0 -0.0243963 -0.102833 0.334022 -0.0147828 0.710971 -0.703022 0.00791995
2.08 0 -0.0244231 -0.102787 0.333959 -0.0154324 0.711068 -0.702912 0.00772997
2.12 0 -0.024402 -0.102837 0.334061 -0.015135 0.711003 -0.702992 0.00694303
2.16 0 -0.024375 -0.102882 0.334148 -0.0155567 0.710832 -0.703153 0.00717092
2.2 0 -0.0244062 -0.102872 0.33409 -0.0151945 0.710886 -0.703097 0.00801648
2.24 0 -0.0243672 -0.102891 0.334118 -0.0152292 0.710746 -0.703244 0.00750742
2.28 0 -0.0244072 -0.102838 0.334024 -0.0142843 0.710957 -0.703045 0.00796784
2.32 0 -0.0244301 -0.102814 0.334101 -0.0157374 0.711049 -0.70292 0.00803294
2.36 0 -0.024396 -0.102882 0.334119 -0.0155523 0.710738 -0.703242 0.00776521
2.4 0 -0.0243605 -0.102869 0.334101 -0.0158297 0.710808 -0.703168 0.00751702
2.44 0 -0.0243535 -0.102904 0.334191 -0.015407 0.710818 -0.70316 0.00812099
2.48 0 -0.0243918 -0.102886 0.334063 -0.0147453 0.710883 -0.703118 0.0072905
2.52 0 -0.0243888 -0.102852 0.334 -0.0147415 0.711036 -0.702966 0.00700219
2.56 0 -0.0243836 -0.102911 0.334118 -0.015006 0.710746 -0.703248 0.00756853
2.6 0 -0.0244027 -0.102896 0.334155 -0.015388 0.710917 -0.703062 0.0080145
2.64 0 -0.0243662 -0.102874 0.33408 -0.0149905 0.710824 -0.703171 0.00740885
2.68 0 -0.024412 -0.10287 0.33416 -0.0157891 0.710992 -0.702981 0.00760258
2.72 0 -0.024392 -0.102851 0.334091 -0.0145283 0.710926 -0.70308 0.00720768
2.76 0 -0.0243358 -0.102961 0.334209 -0.0146542 0.710685 -0.703317 0.00762757
2.8 0 -0.0243893 -0.102869 0.33425 -0.0156243 0.710937 -0.703033 0.00831766
2.84 0 -0.0243652 -0.102904 0.334098 -0.0146624 0.710862 -0.703145 0.00693026
2.88 0 -0.0243704 -0.1029 0.334144 -0.0153429 0.710818 -0.70317 0.00740504
2.92 0 -0.024385 -0.10284 0.334007 -0.0151576 0.710838 -0.703154 0.00735246
2.96 0 -0.0244097 -0.102852 0.334251 -0.0166862 0.710956 -0.70299 0.00826312
3 0 -0.0244048 -0.102829 0.334005 -0.0144439 0.71088 -0.703119 0.00801649
3.04 0 -0.0243443 -0.102915 0.334144 -0.0148887 0.710722 -0.703274 0.00768652
3.08 0 -0.0243781 -0.102892 0.334011 -0.0138023 0.710803 -0.703216 0.00750716
3.12 0 -0.0243923 -0.102871 0.334026 -0.0141844 0.710994 -0.703011 0.00783771
3.16 0 -0.024355 -0.102897 0.334006 -0.0141448 0.710754 -0.703257 0.00769349
3.2 0 -0.0243889 -0.102876 0.334029 -0.0142368 0.710934 -0.703077 0.00724375
3.24 0 -0.0243785 -0.102881 0.334081 -0.0151858 0.710854 -0.703139 0.00720792
3.28 0 -0.0243675 -0.102875 0.334114 -0.0154386 0.710843 -0.70314 0.00755875
3.32 0 -0.0243565 -0.10289 0.333958 -0.0136143 0.710823 -0.703201 0.00736713
3.36 0 -0.0243915 -0.102866 0.334023 -0.0142367 0.710994 -0.703017 0.00724027
3.4 0 -0.0243741 -0.102904 0.334146 -0.0153806 0.710787 -0.703201 0.00726608
3.44 0 -0.0243589 -0.102907 0.334144 -0.0153852 0.710794 -0.703192 0.00743257
3.48 0 -0.0243781 -0.102866 0.334047 -0.0145797 0.710905 -0.703101 0.00708239
3.52 0 -0.0243591 -0.102915 0.334122 -0.0149813 0.710763 -0.703233 0.00733332
3.56 0 -0.0243852 -0.102867 0.334096 -0.0156647 0.710872 -0.703115 0.00667448
3.6 0 -0.024378 -0.10289 0.334017 -0.0144347 0.710778 -0.703225 0.00783962
3.64 0 -0.0243683 -0.102892 0.334126 -0.0155669 0.710794 -0.703188 0.0074966
3.68 0 -0.0243774 -0.102892 0.334191 -0.0156935 0.710912 -0.703074 0.00673497
3.72 0 -0.024375 -0.102884 0.334088 -0.014383 0.710901 -0.703106 0.00742375
3.76 0 -0.0243548 -0.102938 0.334108 -0.0148309 0.710728 -0.703272 0.00733752
3.8 0 -0.0243713 -0.102872 0.334096 -0.0155514 0.710901 -0.703072 0.00825711
3.84 0 -0.024378 -0.102862 0.334133 -0.0149042 0.710886 -0.703101 0.00819259
3.88 0 -0.0243696 -0.102904 0.33413 -0.0154307 0.71078 -0.703203 0.00776368
3.92 0 -0.0243939 -0.102875 0.334155 -0.0155641 0.710825 -0.703155 0.00767571
3.96 0 -0.0243812 -0.102879 0.3341 -0.0151446 0.710876 -0.703115 0.00743186
4 0 -0.0243859 -0.102884 0.334135 -0.0147602 0.710896 -0.703091 0.00844367
4.04 0 -0.0244065 -0.102881 0.334138 -0.0152572 0.710867 -0.703119 0.00775781
4.08 0 -0.0243565 -0.102953 0.33428 -0.0163135 0.71082 -0.703147 0.00722231
4.12 0 -0.0243583 -0.102918 0.334103 -0.0153817 0.710671 -0.703316 0.00751506
4.16 0 -0.0243766 -0.102883 0.33404 -0.0142377 0.710849 -0.703158 0.00768912
4.2 0 -0.0243811 -0.102874 0.334212 -0.0157595 0.710918 -0.703061 0.00719972
4.24 0 -0.0243923 -0.102863 0.334088 -0.0151623 0.710946 -0.703039 0.00791681
4.28 0 -0.0243544 -0.102903 0.334125 -0.0150673 0.7109 -0.703085 0.00809827
4.32 0 -0.0243732 -0.102881 0.33411 -0.0148635 0.710911 -0.703089 0.00711285
4.36 0 -0.0244021 -0.102859 0.334043 -0.0148998 0.710985 -0.703003 0.00802087
4.4 0 -0.0243599 -0.102885 0.334049 -0.014733 0.710811 -0.703188 0.00756357
4.44 0 -0.0244119 -0.102825 0.334103 -0.0148693 0.711058 -0.702931 0.00793893
4.48 0 -0.0244172 -0.102863 0.334077 -0.0147754 0.71099 -0.703006 0.00757472
4.52 0 -0.0243766 -0.102916 0.334141 -0.0155049 0.71063 -0.70335 0.00798272
4.56 0 -0.0243686 -0.102899 0.334059 -0.0146082 0.710663 -0.703337 0.0078445
4.6 0 -0.0243839 -0.102898 0.334194 -0.0154385 0.7108 -0.703181 0.00791571
4.64 0 -0.0243501 -0.102956 0.334262 -0.0164015 0.710602 -0.703354 0.00829436
4.68 0 -0.0243479 -0.102962 0.334202 -0.0146661 0.710757 -0.703245 0.00750915
4.72 0 -0.0243989 -0.102874 0.334042 -0.014647 0.710973 -0.703025 0.00759087
4.76 0 -0.0244158 -0.102815 0.333964 -0.0142781 0.711081 -0.702921 0.00783568
4.8 0 -0.0243796 -0.102884 0.334023 -0.0146042 0.710786 -0.703217 0.00747168
4.84 0 -0.024352 -0.102874 0.334008 -0.0145109 0.71071 -0.703298 0.00733567
4.88 0 -0.0243866 -0.102881 0.334141 -0.0157716 0.710884 -0.703086 0.00809016
4.92 0 -0.0243938 -0.102849 0.334194 -0.0158011 0.710973 -0.702991 0.00846837
4.96 0 -0.0243554 -0.102924 0.334201 -0.015275 0.710838 -0.703153 0.00724723
5 0 -0.0243831 -0.102876 0.334034 -0.0146419 0.710904 -0.703096 0.00756886
5.04 0 -0.0243961 -0.102863 0.334049 -0.0150186 0.710956 -0.70304 0.00710072
5.08 0 -0.0244278 -0.102841 0.334113 -0.0151028 0.711026 -0.702953 0.00843762
5.12 0 -0.0243907 -0.102853 0.334058 -0.015503 0.710895 -0.703085 0.00771323
5.16 0 -0.024364 -0.10292 0.334189 -0.0152912 0.710819 -0.703169 0.00748026
5.2 0 -0.0244199 -0.102814 0.333992 -0.0144319 0.711082 -0.702924 0.007199
5.24 0 -0.0243901 -0.102897 0.334253 -0.0161429 0.710919 -0.703048 0.00757136
5.28 0 -0.0243976 -0.102886 0.334169 -0.0155025 0.710903 -0.70308 0.00741825
5.32 0 -0.02437 -0.102901 0.334151 -0.0149078 0.710768 -0.703233 0.00706239
5.36 0 -0.0244295 -0.102844 0.334012 -0.014847 0.711008 -0.70299 0.00724038
5.4 0 -0.0243718 -0.102887 0.334073 -0.0148194 0.71075 -0.703245 0.00778602
5.44 0 -0.024354 -0.102909 0.33417 -0.0154782 0.710845 -0.703139 0.00749965
5.48 0 -0.0243957 -0.102798 0.334098 -0.0150343 0.711016 -0.702962 0.00863099
5.52 0 -0.0243635 -0.102931 0.334227 -0.0158426 0.710802 -0.703178 0.00703302
5.56 0 -0.0243812 -0.102913 0.334363 -0.0163839 0.710912 -0.703049 0.00758663
5.6 0 -0.0243877 -0.102884 0.334048 -0.014314 0.71088 -0.703129 0.00744052
5.64 0 -0.0244234 -0.102763 0.333913 -0.0143032 0.711232 -0.702778 0.0068049
5.68 0 -0.0243705 -0.102906 0.334054 -0.0142168 0.71078 -0.703227 0.00783745
5.72 0 -0.0244394 -0.102901 0.334101 -0.0154075 0.710822 -0.703167 0.00719942
5.76 0 -0.0244509 -0.102786 0.333961 -0.014427 0.711004 -0.703002 0.00729087
5.8 0 -0.0244853 -0.102855 0.33401 -0.0144096 0.711018 -0.70298 0.00812201
5.84 0 -0.0245702 -0.102858 0.33408 -0.0150673 0.711037 -0.702958 0.00709148
5.88 0 -0.0248042 -0.102746 0.33384 -0.013932 0.711385 -0.702634 0.00656905
5.92 0 -0.0250397 -0.102641 0.333739 -0.0120912 0.711883 -0.702157 0.00725335
5.96 0 -0.0250303 -0.102738 0.334008 -0.0126225 0.711793 -0.70224 0.00711373
6 0 -0.0250011 -0.102816 0.334027 -0.0135246 0.711391 -0.702628 0.00736621
6.04 0 -0.0250683 -0.102824 0.334084 -0.0139172 0.711601 -0.702418 0.00623029
6.08 0 -0.0251319 -0.10274 0.334046 -0.0134522 0.711751 -0.702271 0.00666754
6.12 0 -0.0250509 -0.102791 0.334216 -0.0142476 0.711525 -0.702474 0.00774931
6.16 0 -0.0251213 -0.102692 0.333926 -0.0128322 0.711775 -0.702248 0.00774182
6.2 0 -0.0251442 -0.102686 0.334003 -0.0138661 0.711795 -0.702214 0.00707956
6.24 0 -0.0251484 -0.102714 0.334063 -0.0139826 0.711914 -0.702089 0.00735427
6.28 0 -0.025115 -0.1028 0.334143 -0.0134839 0.71167 -0.702352 0.00665404
6.32 0 -0.0251063 -0.102777 0.334145 -0.0137388 0.711759 -0.702263 0.00606725
6.36 0 -0.0251296 -0.102776 0.33415 -0.013741 0.711773 -0.702241 0.00692668
6.4 0 -0.0252032 -0.102802 0.334184 -0.0139717 0.711605 -0.702411 0.00647075
6.44 0 -0.0251586 -0.10278 0.334121 -0.0130105 0.711495 -0.702544 0.0061397
6.48 0 -0.0252245 -0.10268 0.333802 -0.0127015 0.711651 -0.702386 0.00678455
6.52 0 -0.0252348 -0.102711 0.333991 -0.0131981 0.711538 -0.702488 0.00701173
6.56 0 -0.0252214 -0.102859 0.334257 -0.0136927 0.71155 -0.702467 0.00699658
6.6 0 -0.0252768 -0.102845 0.334328 -0.0145594 0.711591 -0.702414 0.00639778
6.64 0 -0.0253287 -0.102913 0.334363 -0.0140443 0.711537 -0.702481 0.00621871
6.68 0 -0.0251885 -0.102854 0.334333 -0.0146435 0.711545 -0.702461 0.00612529
6.72 0 -0.025264 -0.102827 0.334178 -0.0141986 0.711536 -0.702484 0.00558453
6.76 0 -0.0253075 -0.102767 0.334137 -0.0142936 0.711517 -0.702493 0.0065723
6.8 0 -0.0251304 -0.102682 0.334038 -0.0136585 0.711661 -0.702343 0.00811571
6.84 0 -0.0251592 -0.102694 0.333913 -0.0139994 0.711575 -0.702439 0.00669301
6.88 0 -0.0251809 -0.102758 0.334075 -0.013341 0.711695 -0.702327 0.00696276
6.92 0 -0.0250927 -0.102797 0.334072 -0.0131524 0.711522 -0.702508 0.00680239
6.96 0 -0.0251606 -0.102816 0.334136 -0.0135396 0.71163 -0.702384 0.00751561
7 0 -0.0251358 -0.102793 0.334126 -0.0125033 0.711574 -0.702459 0.00757854
7.04 0 -0.0250256 -0.102764 0.334022 -0.0119557 0.71176 -0.702281 0.00742978
7.08 0 -0.0251653 -0.102731 0.334061 -0.0136709 0.711698 -0.70232 0.00673902
7.12 0 -0.0252291 -0.10272 0.334127 -0.0137241 0.711709 -0.702298 0.00772014
7.16 0 -0.0250651 -0.102668 0.33374 -0.0120305 0.711591 -0.702445 0.00799336
7.2 0 -0.025101 -0.10269 0.333755 -0.0115442 0.71179 -0.702266 0.00661063
7.24 0 -0.0251601 -0.102749 0.334107 -0.0140074 0.711766 -0.702247 0.00646929
7.28 0 -0.0250486 -0.102824 0.334161 -0.0136972 0.711608 -0.702411 0.00666468
7.32 0 -0.0251399 -0.102872 0.334499 -0.01538 0.711503 -0.702477 0.00730332
7.36 0 -0.0250431 -0.102768 0.334044 -0.013331 0.711592 -0.702437 0.0063965
7.4 0 -0.0250175 -0.102688 0.333757 -0.0123436 0.711671 -0.702374 0.00656552
7.44 0 -0.0252377 -0.102678 0.333981 -0.0132504 0.711658 -0.702368 0.00679891
7.48 0 -0.0251385 -0.102736 0.334102 -0.0130717 0.711591 -0.702431 0.00766272
7.52 0 -0.0250103 -0.102711 0.333971 -0.0132731 0.711551 -0.702468 0.00751273
7.56 0 -0.0251405 -0.10278 0.334073 -0.0124643 0.711788 -0.702258 0.00595612
7.6 0 -0.0250947 -0.10283 0.334137 -0.0130544 0.711536 -0.702487 0.00767908
7.64 0 -0.0250579 -0.102776 0.334114 -0.0131234 0.711606 -0.702416 0.00747489
7.68 0 -0.0250897 -0.10275 0.334199 -0.0140638 0.711563 -0.70244 0.0076228
7.72 0 -0.0250439 -0.102716 0.333894 -0.0133499 0.711548 -0.702477 0.00691332
7.76 0 -0.0250997 -0.102628 0.333668 -0.0117856 0.71168 -0.702373 0.00669684
7.8 0 -0.0251942 -0.102699 0.334005 -0.0136216 0.711567 -0.702449 0.00726756
7.84 0 -0.0250592 -0.102747 0.333916 -0.0126168 0.711749 -0.702288 0.00675393
7.88 0 -0.0250145 -0.102768 0.334065 -0.0133339 0.711662 -0.702363 0.00668561
7.92 0 -0.0251704 -0.102777 0.33406 -0.0127963 0.71177 -0.702268 0.00634411
7.96 0 -0.0251106 -0.102736 0.333975 -0.0119515 0.71173 -0.70231 0.00757974
8 0 -0.0251007 -0.102726 0.334132 -0.0141018 0.711725 -0.702286 0.00659037
8.04 0 -0.0251262 -0.102692 0.333875 -0.0131272 0.711609 -0.702431 0.00558959
8.08 0 -0.0250953 -0.102642 0.3338 -0.0120562 0.711797 -0.70224 0.00773637
8.12 0 -0.0251053 -0.102754 0.334097 -0.0135708 0.71161 -0.702411 0.00677083
8.16 0 -0.0251547 -0.102762 0.333969 -0.0124457 0.711604 -0.702437 0.00680099
8.2 0 -0.0250105 -0.102816 0.334118 -0.0125632 0.711653 -0.702375 0.00784905
8.24 0 -0.0250865 -0.102764 0.334238 -0.0147702 0.711762 -0.702227 0.00733147
8.28 0 -0.0252015 -0.102766 0.334082 -0.0133248 0.711517 -0.702504 0.00737328
8.32 0 -0.0250719 -0.102669 0.333868 -0.0125225 0.711758 -0.702273 0.0075258
8.36 0 -0.0251602 -0.102628 0.333928 -0.013584 0.71191 -0.702103 0.00709618
8.4 0 -0.0251278 -0.102697 0.334023 -0.0134954 0.711692 -0.702314 0.00816792
8.44 0 -0.0250695 -0.102752 0.334002 -0.0133278 0.711585 -0.702432 0.00760944
8.48 0 -0.0251648 -0.102818 0.334118 -0.014123 0.711476 -0.702541 0.00630688
8.52 0 -0.0251163 -0.102783 0.334077 -0.0133063 0.711699 -0.702332 0.00606953
8.56 0 -0.0250303 -0.102765 0.333993 -0.0114557 0.711666 -0.702378 0.00803528
8.6 0 -0.0251703 -0.102759 0.334024 -0.0133415 0.711633 -0.702394 0.00662087
8.64 0 -0.0251496 -0.102775 0.3341 -0.0145876 0.71154 -0.702465 0.0064633
8.68 0 -0.0250765 -0.102644 0.333878 -0.0137367 0.711787 -0.702231 0.0065291
8.72 0 -0.0251253 -0.102775 0.334186 -0.0136459 0.711553 -0.702457 0.00778291
8.76 0 -0.0251325 -0.102699 0.333753 -0.0119038 0.711722 -0.702328 0.006719
8.8 0 -0.0251174 -0.102756 0.333917 -0.0114599 0.7118 -0.702253 0.00700808
8.84 0 -0.0251555 -0.102773 0.334125 -0.0132307 0.711733 -0.702295 0.00655264
8.88 0 -0.02508 -0.102799 0.334182 -0.0147924 0.711562 -0.702439 0.0063378
8.92 0 -0.0251176 -0.102732 0.334051 -0.0140209 0.711674 -0.702338 0.00669888
8.96 0 -0.025228 -0.102741 0.334048 -0.0139075 0.711571 -0.702446 0.00658832
9 0 -0.0251589 -0.102714 0.334075 -0.0144051 0.711734 -0.702262 0.00741546
9.04 0 -0.0251077 -0.102689 0.333906 -0.0129715 0.711892 -0.702139 0.00657162
9.08 0 -0.0251379 -0.102818 0.334106 -0.013572 0.711535 -0.702487 0.00676718
9.12 0 -0.0251504 -0.102836 0.334361 -0.0143935 0.711731 -0.702267 0.00723822
9.16 0 -0.0251166 -0.102806 0.334348 -0.0148973 0.711879 -0.702113 0.00661912
9.2 0 -0.0251739 -0.102734 0.334097 -0.01418 0.711773 -0.702238 0.00624973
9.24 0 -0.0251118 -0.102692 0.333872 -0.0127272 0.711701 -0.702337 0.00659532
9.28 0 -0.0251486 -0.102694 0.333868 -0.0127841 0.711801 -0.702228 0.00718991
9.32 0 -0.0252149 -0.102724 0.334023 -0.0139704 0.711638 -0.702369 0.00729183
9.36 0 -0.0250929 -0.102715 0.334042 -0.0134334 0.711611 -0.702407 0.00736409
9.4 0 -0.0250954 -0.102786 0.334206 -0.0141061 0.71165 -0.702357 0.00707446
9.44 0 -0.025202 -0.102772 0.334155 -0.0139383 0.71167 -0.702348 0.00614759
9.48 0 -0.0251345 -0.102742 0.333995 -0.012521 0.711896 -0.702131 0.00767594
9.52 0 -0.0251487 -0.102694 0.333961 -0.0121411 0.711889 -0.702156 0.00663885
9.56 0 -0.0251946 -0.102713 0.334082 -0.0146427 0.711687 -0.702312 0.00669751
9.6 0 -0.0251469 -0.102707 0.333979 -0.0135336 0.711704 -0.702314 0.00699906
9.64 0 -0.0251821 -0.102766 0.334191 -0.0144065 0.711633 -0.702373 0.00654428
9.68 0 -0.0251584 -0.1027 0.33387 -0.0123871 0.711807 -0.702231 0.007013
9.72 0 -0.0250289 -0.102787 0.334084 -0.0133752 0.711643 -0.702371 0.00780599
9.76 0 -0.0251118 -0.102781 0.334006 -0.0127688 0.711538 -0.7025 0.0067004
9.8 0 -0.0251757 -0.102813 0.334344 -0.0158283 0.711591 -0.702387 0.0062771
9.84 0 -0.0250731 -0.102668 0.333775 -0.0120953 0.711777 -0.70226 0.00765285
9.88 0 -0.0251066 -0.102643 0.33394 -0.0130871 0.711872 -0.702154 0.00684011
9.92 0 -0.0252494 -0.102684 0.334054 -0.0144438 0.711686 -0.702316 0.00679791
9.96 0 -0.025231 -0.102764 0.334246 -0.0155271 0.711477 -0.702504 0.00689615
10 0 -0.0250194 -0.102701 0.333937 -0.0134686 0.711595 -0.702433 0.00622702
10.04 0 -0.0249278 -0.102698 0.333736 -0.0124217 0.711679 -0.702364 0.00661621
10.08 0 -0.0250572 -0.102751 0.334008 -0.0139089 0.711523 -0.702494 0.00652562
10.12 0 -0.0252752 -0.102762 0.334075 -0.013238 0.711558 -0.702468 0.00693643
10.16 0 -0.0252074 -0.102818 0.334032 -0.0135901 0.71139 -0.702643 0.00571007
10.2 0 -0.0252116 -0.102775 0.334216 -0.0147115 0.711698 -0.702301 0.00655758
10.24 0 -0.0252601 -0.10287 0.334416 -0.015199 0.711427 -0.702563 0.00681675
10.28 0 -0.0251341 -0.102882 0.334456 -0.0149337 0.711663 -0.702322 0.00750515
10.32 0 -0.0250493 -0.102867 0.33439 -0.0141761 0.711712 -0.702288 0.00752611
10.36 0 -0.0251585 -0.102904 0.334438 -0.0139619 0.71177 -0.702245 0.00642259
10.4 0 -0.0254799 -0.102868 0.334233 -0.0150908 0.711367 -0.70263 0.00633108
10.44 0 -0.02538 -0.102833 0.334263 -0.014716 0.711497 -0.702501 0.00687677
10.48 0 -0.0253037 -0.102749 0.334129 -0.014247 0.711631 -0.702371 0.00735038
10.52 0 -0.0254981 -0.102795 0.333982 -0.0146386 0.711201 -0.702796 0.00750678
10.56 0 -0.0263467 -0.102675 0.333735 -0.0136711 0.711674 -0.702351 0.0059569
10.6 0 -0.0278799 -0.102744 0.33408 -0.0141875 0.711569 -0.702438 0.00696487
10.64 0 -0.0302748 -0.10281 0.334093 -0.0133885 0.711706 -0.702322 0.00630304
10.68 0 -0.0327336 -0.102853 0.334296 -0.0142633 0.71149 -0.702511 0.00757269
10.72 0 -0.0350186 -0.103015 0.334709 -0.0161136 0.711412 -0.70255 0.00756415
10.76 0 -0.0377251 -0.103081 0.334677 -0.0165169 0.711215 -0.702729 0.00854855
10.8 0 -0.0405347 -0.103131 0.334817 -0.0155285 0.711321 -0.702641 0.00877322
10.84 0 -0.0434981 -0.103027 0.334667 -0.0168006 0.71172 -0.702228 0.00689125
10.88 0 -0.0464501 -0.103013 0.334466 -0.0163982 0.711645 -0.702321 0.00608643
10.92 0 -0.0496468 -0.103173 0.334944 -0.0181715 0.711277 -0.702629 0.0082655
10.96 0 -0.0529253 -0.103006 0.334468 -0.016825 0.711543 -0.702391 0.00837392
11 0 -0.0566182 -0.10302 0.334477 -0.0174735 0.711705 -0.702228 0.00684595
11.04 0 -0.0607951 -0.103099 0.334591 -0.0173439 0.711695 -0.702242 0.00673329
11.08 0 -0.0651328 -0.103338 0.335127 -0.0185706 0.711519 -0.702376 0.00803296
11.12 0 -0.0698095 -0.103186 0.33467 -0.0170604 0.711766 -0.70217 0.00747544
11.16 0 -0.0749581 -0.10323 0.334834 -0.0180358 0.711847 -0.702065 0.00731781
11.2 0 -0.0805959 -0.103314 0.334944 -0.0198924 0.711785 -0.702066 0.00834658
11.24 0 -0.0865903 -0.103264 0.334849 -0.0189251 0.711801 -0.702069 0.00894591
11.28 0 -0.0927235 -0.103399 0.335373 -0.0218012 0.711923 -0.701868 0.00843928
11.32 0 -0.0990739 -0.10349 0.335442 -0.022004 0.712209 -0.701588 0.00695067
11.36 0 -0.105925 -0.10341 0.335105 -0.0198564 0.71207 -0.701775 0.00858409
11.4 0 -0.112768 -0.103534 0.335433 -0.0208819 0.712313 -0.701504 0.00813021
11.44 0 -0.119826 -0.103498 0.335313 -0.022529 0.712412 -0.70135 0.00835749
11.48 0 -0.127284 -0.10361 0.335899 -0.026514 0.712804 -0.70083 0.0066665
11.52 0 -0.13461 -0.103556 0.335398 -0.0241456 0.712738 -0.700988 0.00618685
11.56 0 -0.142118 -0.103498 0.335176 -0.0254246 0.712456 -0.701208 0.00822141
11.6 0 -0.149868 -0.103388 0.335051 -0.0257236 0.713012 -0.700645 0.00698717
11.64 0 -0.157654 -0.103552 0.335164 -0.0250684 0.712901 -0.70076 0.00889174
11.68 0 -0.165333 -0.1036 0.33536 -0.0249018 0.713459 -0.70022 0.00691155
11.72 0 -0.17261 -0.103524 0.335219 -0.0270085 0.713273 -0.700316 0.0083694
11.76 0 -0.179472 -0.103649 0.335397 -0.0276813 0.713052 -0.700472 0.0113693
11.8 0 -0.185843 -0.103721 0.335747 -0.0311769 0.713718 -0.699703 0.00709178
11.84 0 -0.191413 -0.103545 0.334927 -0.0259984 0.713685 -0.699923 0.00923009
11.88 0 -0.196271 -0.103631 0.335179 -0.027787 0.71378 -0.699774 0.00797314
11.92 0 -0.200919 -0.103724 0.335776 -0.0349561 0.714163 -0.699055 0.00844081
11.96 0 -0.205227 -0.10363 0.33539 -0.0316151 0.713859 -0.699523 0.00859165
12 0 -0.209799 -0.103758 0.335394 -0.0331332 0.714138 -0.699158 0.00929911
12.04 0 -0.214007 -0.103516 0.334955 -0.030427 0.714172 -0.699253 0.00881022
12.08 0 -0.218949 -0.103491 0.334447 -0.0284365 0.714367 -0.699127 0.00962152
12.12 0 -0.223934 -0.103464 0.334909 -0.0321451 0.714291 -0.699021 0.0111281
12.16 0 -0.229003 -0.103742 0.335157 -0.0338132 0.714589 -0.698669 0.00897743
12.2 0 -0.233906 -0.103569 0.335031 -0.0341879 0.714425 -0.698791 0.0109033
12.24 0 -0.238448 -0.10364 0.33476 -0.0307768 0.714385 -0.698981 0.0115342
12.28 0 -0.242966 -0.103627 0.334823 -0.0304306 0.714849 -0.698526 0.0112644
12.32 0 -0.246294 -0.103467 0.334318 -0.0312998 0.71398 -0.699307 0.0149171
12.36 0 -0.249515 -0.103393 0.334654 -0.0343608 0.715197 -0.69802 0.00893347
12.4 0 -0.25275 -0.103384 0.334279 -0.0324088 0.714761 -0.698482 0.0137666
12.44 0 -0.255857 -0.103448 0.334538 -0.0351331 0.715559 -0.697608 0.00918733
12.48 0 -0.259059 -0.103252 0.333577 -0.0291824 0.715205 -0.698178 0.0133716
12.52 0 -0.262552 -0.103351 0.33375 -0.0298445 0.716319 -0.697069 0.00954304
12.56 0 -0.265593 -0.103275 0.333679 -0.0311879 0.716304 -0.697025 0.00960811
12.6 0 -0.269027 -0.103417 0.334066 -0.0323672 0.716306 -0.69698 0.00876403
12.64 0 -0.272086 -0.10359 0.333977 -0.030987 0.715757 -0.697558 0.0120321
12.68 0 -0.27487 -0.103529 0.334183 -0.0336863 0.715948 -0.697253 0.0109979
12.72 0 -0.277549 -0.103438 0.333902 -0.0317512 0.716272 -0.697043 0.0088555
12.76 0 -0.280509 -0.103516 0.334199 -0.0336777 0.716783 -0.696424 0.00904755
12.8 0 -0.282174 -0.103253 0.33316 -0.0258844 0.716034 -0.697488 0.0116751
12.84 0 -0.284172 -0.103362 0.333539 -0.0302337 0.716244 -0.697108 0.0109908
12.88 0 -0.285836 -0.103391 0.333542 -0.0292167 0.716357 -0.697019 0.0119544
12.92 0 -0.286231 -0.103262 0.33336 -0.0319376 0.71622 -0.69707 0.0101229
12.96 0 -0.286652 -0.103353 0.334056 -0.0343284 0.716691 -0.69648 0.00956888
13 0 -0.286109 -0.103156 0.333316 -0.0317213 0.716289 -0.69702 0.00935643
13.04 0 -0.286603 -0.103387 0.333443 -0.0311266 0.717006 -0.696306 0.00959415
13.08 0 -0.286395 -0.10314 0.33316 -0.0292471 0.716975 -0.696446 0.0073321
13.12 0 -0.286497 -0.103124 0.333236 -0.0332986 0.716885 -0.696342 0.00868044
13.16 0 -0.286669 -0.103373 0.333679 -0.0326816 0.716508 -0.696738 0.0102717
13.2 0 -0.286886 -0.103429 0.334262 -0.0357706 0.716625 -0.696473 0.00970249
13.24 0 -0.288434 -0.103595 0.334274 -0.0336189 0.716788 -0.696414 0.00957144
13.28 0 -0.290896 -0.103394 0.333401 -0.0281241 0.716726 -0.696709 0.0104209
13.32 0 -0.292137 -0.10345 0.333897 -0.0321665 0.716424 -0.696814 0.0123204
13.36 0 -0.290901 -0.103447 0.333745 -0.0288347 0.717179 -0.696236 0.00884713
13.4 0 -0.29075 -0.103616 0.333988 -0.030181 0.716932 -0.696411 0.0104395
13.44 0 -0.291513 -0.103359 0.333935 -0.0360014 0.716422 -0.696649 0.0111445
13.48 0 -0.291291 -0.103233 0.333272 -0.0315168 0.716927 -0.69637 0.00958345
13.52 0 -0.29075 -0.103347 0.333711 -0.0310521 0.717263 -0.696063 0.00814771
13.56 0 -0.291604 -0.103319 0.333773 -0.0336186 0.717731 -0.695459 0.00823568
13.6 0 -0.291129 -0.103372 0.333651 -0.0304973 0.717014 -0.696343 0.00816242
13.64 0 -0.290574 -0.103399 0.334173 -0.0346766 0.716438 -0.696703 0.0109345
13.68 0 -0.291363 -0.103559 0.334095 -0.0334974 0.717634 -0.695568 0.00796218
13.72 0 -0.291388 -0.103448 0.333437 -0.028762 0.716887 -0.696514 0.0106928
13.76 0 -0.290626 -0.103345 0.333549 -0.0307056 0.717454 -0.695896 0.0067022
13.8 0 -0.290831 -0.103137 0.333099 -0.0291899 0.717107 -0.696303 0.00828804
13.84 0 -0.291096 -0.103352 0.333687 -0.0299658 0.718591 -0.694777 0.00372879
13.88 0 -0.290684 -0.103406 0.333652 -0.0300612 0.716894 -0.696471 0.00929455
13.92 0 -0.291015 -0.103388 0.333502 -0.0313914 0.717126 -0.696184 0.00852679
13.96 0 -0.290737 -0.103333 0.333842 -0.0333887 0.716653 -0.696557 0.0101597
14 0 -0.290739 -0.1035 0.333867 -0.034118 0.716894 -0.696261 0.0109099
14.04 0 -0.290821 -0.103207 0.333404 -0.0298579 0.717113 -0.696256 0.00922209
14.08 0 -0.290841 -0.103411 0.333902 -0.0345251 0.716695 -0.696451 0.0105699
14.12 0 -0.29042 -0.10321 0.333418 -0.0339735 0.717664 -0.695515 0.00799095
14.16 0 -0.290604 -0.103162 0.33317 -0.0307191 0.717365 -0.695978 0.00759213
14.2 0 -0.290624 -0.103315 0.333498 -0.0293482 0.717626 -0.695794 0.00475763
14.24 0 -0.290399 -0.10329 0.333201 -0.029852 0.717259 -0.696116 0.00840085
14.28 0 -0.290555 -0.103314 0.333216 -0.0269972 0.717768 -0.695741 0.00505863
14.32 0 -0.290601 -0.103388 0.333727 -0.0342535 0.716366 -0.69679 0.0113994
14.36 0 -0.290643 -0.103346 0.333547 -0.0296672 0.716776 -0.69662 0.00855272
14.4 0 -0.291061 -0.103364 0.333765 -0.0303233 0.717204 -0.696157 0.00798646
14.44 0 -0.290774 -0.103548 0.334504 -0.0370182 0.716561 -0.696481 0.00918332
14.48 0 -0.290575 -0.103429 0.333786 -0.031396 0.716666 -0.696617 0.011358
14.52 0 -0.290943 -0.103393 0.33375 -0.0291465 0.718225 -0.695189 0.00402809
14.56 0 -0.29089 -0.103241 0.33368 -0.0355261 0.717309 -0.695794 0.0086981
14.6 0 -0.290814 -0.103392 0.333736 -0.0318024 0.717437 -0.695861 0.00702159
14.64 0 -0.290867 -0.103406 0.333692 -0.0308459 0.716985 -0.696366 0.00743356
14.68 0 -0.290541 -0.103459 0.333355 -0.0274749 0.716648 -0.696809 0.0108639
14.72 0 -0.290577 -0.103436 0.333791 -0.0297042 0.716394 -0.696988 0.0102483
14.76 0 -0.291023 -0.103359 0.333596 -0.0284091 0.717427 -0.696019 0.00698062
14.8 0 -0.290808 -0.103509 0.33367 -0.0294002 0.716398 -0.696982 0.0112397
14.84 0 -0.290555 -0.103324 0.333558 -0.0319679 0.716509 -0.696759 0.0109098
14.88 0 -0.291279 -0.103515 0.334103 -0.0364339 0.71743 -0.69563 0.00811282
14.92 0 -0.291018 -0.103367 0.333696 -0.0311281 0.717753 -0.695562 0.00741131
14.96 0 -0.290853 -0.103335 0.333247 -0.0272939 0.717162 -0.696314 0.00896997
15 0 -0.290864 -0.103448 0.333926 -0.030308 0.716798 -0.696561 0.00915942
15.04 0 -0.29061 -0.10363 0.334673 -0.0392702 0.716284 -0.696614 0.0111102
15.08 0 -0.290934 -0.10361 0.334496 -0.0318223 0.717009 -0.696288 0.00827534
15.12 0 -0.290933 -0.103541 0.334006 -0.0331923 0.716786 -0.696428 0.0102601
15.16 0 -0.290669 -0.103516 0.334641 -0.0364903 0.717068 -0.695997 0.0083279
15.2 0 -0.290385 -0.103592 0.334118 -0.0304276 0.716791 -0.69657 0.00861054
15.24 0 -0.290621 -0.103988 0.335134 -0.0357595 0.716531 -0.696595 0.00774513
15.28 0 -0.289959 -0.103995 0.334909 -0.0296123 0.716569 -0.696825 0.00928498
15.32 0 -0.290531 -0.104606 0.336816 -0.0342871 0.716364 -0.696849 0.00701597
15.36 0 -0.289974 -0.104783 0.33703 -0.0329171 0.717152 -0.696122 0.00485938
15.4 0 -0.289881 -0.105276 0.338707 -0.035545 0.716875 -0.696283 0.00424829
15.44 0 -0.289884 -0.105366 0.338459 -0.0338909 0.717278 -0.695955 0.00330255
15.48 0 -0.289751 -0.105344 0.338102 -0.0275044 0.717112 -0.696403 0.00410801
15.52 0 -0.28945 -0.105188 0.338744 -0.0357294 0.715584 -0.697532 0.0106046
15.56 0 -0.289654 -0.104276 0.338964 -0.0348586 0.715485 -0.697668 0.0111744
15.6 0 -0.289723 -0.103895 0.339021 -0.0274003 0.716193 -0.697296 0.0097631
15.64 0 -0.290455 -0.104507 0.341342 -0.0376761 0.717511 -0.695505 0.00558741
15.68 0 -0.290632 -0.105074 0.342703 -0.0362911 0.716879 -0.69621 0.00773784
15.72 0 -0.289661 -0.105195 0.343362 -0.03108 0.717042 -0.696303 0.00677505
15.76 0 -0.289079 -0.10471 0.344817 -0.0342003 0.716322 -0.696888 0.00773754
15.8 0 -0.290053 -0.104458 0.347122 -0.0313381 0.716952 -0.696377 0.00758523
15.84 0 -0.290564 -0.104449 0.35007 -0.0393716 0.716585 -0.69633 0.00894545
15.88 0 -0.290131 -0.104737 0.352519 -0.0347698 0.716485 -0.696713 0.00558664
15.92 0 -0.290246 -0.104911 0.356396 -0.0411017 0.716254 -0.696569 0.00913266
15.96 0 -0.289633 -0.104437 0.358999 -0.036835 0.71647 -0.696608 0.0072004
16 0 -0.290511 -0.104079 0.362992 -0.0414304 0.716444 -0.696362 0.00839348
16.04 0 -0.291099 -0.103883 0.36622 -0.0371893 0.716978 -0.696065 0.00728255
16.08 0 -0.291249 -0.104133 0.37058 -0.0434528 0.716661 -0.696017 0.00830494
16.12 0 -0.290913 -0.104597 0.374652 -0.04309 0.716233 -0.696481 0.00817667
16.16 0 -0.290414 -0.104157 0.37728 -0.0415839 0.716754 -0.696061 0.00576922
16.2 0 -0.290942 -0.104369 0.380752 -0.0393522 0.716706 -0.696229 0.0070484
16.24 0 -0.291659 -0.103983 0.38826 -0.0461542 0.715939 -0.696591 0.00786794
16.28 0 -0.291636 -0.104005 0.392171 -0.0458831 0.716097 -0.696442 0.00824108
16.32 0 -0.291748 -0.104002 0.396062 -0.0480408 0.716537 -0.695844 0.00818491
16.36 0 -0.291581 -0.10416 0.399929 -0.0481929 0.716456 -0.695931 0.00699563
16.44 0 -0.291592 -0.103687 0.40329 -0.0433452 0.716809 -0.695881 0.0075002
16.48 0 -0.291448 -0.103289 0.407581 -0.0458846 0.717058 -0.695499 0.0018502
16.52 0 -0.291637 -0.103309 0.411977 -0.0474696 0.716748 -0.695709 0.0028917
16.56 0 -0.291286 -0.103367 0.415115 -0.0494106 0.715793 -0.696546 0.00482865
16.6 0 -0.291742 -0.103346 0.418442 -0.0464559 0.716762 -0.69576 0.00334882
16.64 0 -0.291529 -0.103507 0.42192 -0.0505355 0.716036 -0.696207 0.00585425
16.68 0 -0.291403 -0.103485 0.424276 -0.0435371 0.717041 -0.695664 0.00286423
16.72 0 -0.291345 -0.103516 0.426942 -0.0509317 0.716305 -0.695911 0.00463823
16.76 0 -0.291721 -0.10358 0.429515 -0.0453482 0.716005 -0.696601 0.00522605
16.8 0 -0.291718 -0.103359 0.432024 -0.0461674 0.716797 -0.695746 0.00277497
16.84 0 -0.291356 -0.103406 0.434686 -0.0476525 0.71711 -0.695328 -0.00077785
16.88 0 -0.291556 -0.103754 0.436799 -0.0463391 0.716328 -0.696198 0.00597574
16.92 0 -0.291665 -0.103946 0.439696 -0.0480781 0.716607 -0.695809 0.00345303
16.96 0 -0.291266 -0.103701 0.442098 -0.0468908 0.716241 -0.69627 0.00270072
17 0 -0.291212 -0.103379 0.445278 -0.0521198 0.716666 -0.695466 0.00059247
17.04 0 -0.291063 -0.103463 0.44773 -0.0494163 0.71645 -0.695884 0.00180251
17.08 0 -0.290957 -0.103568 0.450865 -0.0492948 0.716567 -0.695774 0.000369799
17.12 0 -0.291003 -0.103976 0.454343 -0.0448674 0.716273 -0.696366 0.00375314
17.16 0 -0.29079 -0.103951 0.458507 -0.0411899 0.716241 -0.696635 0.00153466
17.2 0 -0.290706 -0.103557 0.463094 -0.0444793 0.71599 -0.69669 0.00173155
17.24 0 -0.290399 -0.103035 0.467905 -0.045691 0.716015 -0.696586 -0.00141848
17.28 0 -0.291005 -0.103112 0.474476 -0.0517132 0.716455 -0.695714 -0.000416673
17.32 0 -0.291697 -0.103002 0.480719 -0.045999 0.716936 -0.695619 -0.000696153
17.36 0 -0.291364 -0.102893 0.487334 -0.0453877 0.716051 -0.69657 -0.00106727
17.4 0 -0.290983 -0.102755 0.494448 -0.0470127 0.71618 -0.69633 -0.00106122
17.44 0 -0.291073 -0.102568 0.501805 -0.0484269 0.71655 -0.695849 -0.00237328
17.48 0 -0.291022 -0.10221 0.509207 -0.0484064 0.715792 -0.696633 0.00106548
17.52 0 -0.291083 -0.101921 0.516983 -0.0492998 0.71612 -0.696219 -0.00457721
17.56 0 -0.291216 -0.101729 0.524634 -0.0492003 0.716379 -0.695957 -0.00499335
17.6 0 -0.291272 -0.101865 0.532569 -0.0475151 0.716124 -0.696353 -0.00102956
17.64 0 -0.291085 -0.10191 0.540373 -0.047974 0.716139 -0.696275 -0.00668087
17.68 0 -0.291199 -0.101741 0.547806 -0.0501612 0.714946 -0.697378 -0.000324842
17.72 0 -0.291125 -0.101268 0.554426 -0.0413517 0.716373 -0.696431 -0.00911948
17.76 0 -0.291325 -0.101126 0.562535 -0.053096 0.716256 -0.695796 -0.00514765
17.8 0 -0.291447 -0.101224 0.569868 -0.0426702 0.716202 -0.696559 -0.00627755
17.84 0 -0.291375 -0.10113 0.577074 -0.0474784 0.716023 -0.696458 -0.00201859
17.88 0 -0.291324 -0.100791 0.584225 -0.0454472 0.716732 -0.69579 -0.0102888
17.92 0 -0.290765 -0.100885 0.590859 -0.0419285 0.716173 -0.696572 -0.0111893
17.96 0 -0.29184 -0.100737 0.599724 -0.0522909 0.71554 -0.696605 -0.00307752
18 0 -0.291923 -0.100907 0.60658 -0.0524969 0.715557 -0.696569 -0.00383559
18.04 0 -0.292019 -0.100495 0.612916 -0.0537176 0.716283 -0.695712 -0.0062556
18.08 0 -0.29192 -0.100259 0.619788 -0.0504298 0.716015 -0.696233 -0.00623486
18.12 0 -0.291127 -0.100055 0.624327 -0.0394455 0.716548 -0.696298 -0.0130896
18.16 0 -0.2911 -0.100482 0.63067 -0.0471609 0.715305 -0.697194 -0.00590433
18.2 0 -0.291931 -0.101211 0.638624 -0.0557657 0.715924 -0.695928 -0.00523844
18.24 0 -0.290891 -0.10087 0.64309 -0.0455149 0.715742 -0.69682 -0.0091174
18.28 0 -0.290518 -0.100696 0.648861 -0.0453513 0.715361 -0.697156 -0.013225
18.32 0 -0.291656 -0.10033 0.655871 -0.0477675 0.716349 -0.69603 -0.0102496
18.36 0 -0.291437 -0.100183 0.661698 -0.0527629 0.715595 -0.696416 -0.0119801
18.4 0 -0.292182 -0.0999254 0.668578 -0.0487766 0.716331 -0.695955 -0.0116974
18.44 0 -0.291392 -0.0998435 0.674071 -0.0436303 0.715597 -0.697046 -0.0120079
18.48 0 -0.291127 -0.0994215 0.680066 -0.0413546 0.715693 -0.697124 -0.00955992
18.52 0 -0.292047 -0.0998687 0.688809 -0.0517837 0.715915 -0.696183 -0.0106151
18.56 0 -0.291602 -0.0997266 0.694572 -0.0519716 0.715837 -0.696251 -0.0105614
18.6 0 -0.291388 -0.0995264 0.701635 -0.0528979 0.714953 -0.697118 -0.00832258
18.64 0 -0.292016 -0.0995005 0.709113 -0.0579699 0.714503 -0.697226 -0.00136823
18.68 0 -0.292685 -0.0990502 0.716167 -0.0606378 0.715655 -0.69576 -0.00890675
18.72 0 -0.291852 -0.0986923 0.719365 -0.047628 0.715472 -0.696789 -0.0178146
18.76 0 -0.292119 -0.0987655 0.725138 -0.0457642 0.715413 -0.697138 -0.00940237
18.8 0 -0.292141 -0.0992387 0.731532 -0.0503341 0.715347 -0.696849 -0.0120937
18.84 0 -0.291855 -0.0991737 0.736902 -0.0498714 0.715357 -0.696821 -0.0147827
18.88 0 -0.291885 -0.099176 0.742114 -0.0551944 0.714506 -0.697428 -0.00547093
18.92 0 -0.291924 -0.0992205 0.746954 -0.0461808 0.714744 -0.697787 -0.0100534
18.96 0 -0.291432 -0.0996018 0.750807 -0.0461847 0.71586 -0.69641 -0.0205816
19 0 -0.292407 -0.0997976 0.756741 -0.052603 0.715665 -0.696365 -0.0115077
19.04 0 -0.292276 -0.0992578 0.75991 -0.0510579 0.715245 -0.696948 -0.00897191
19.08 0 -0.291566 -0.0988056 0.763533 -0.0532757 0.714777 -0.697235 -0.0109534
19.12 0 -0.292082 -0.0987882 0.769362 -0.0540737 0.715386 -0.696509 -0.0132349
19.16 0 -0.292044 -0.0987591 0.773182 -0.0506528 0.715861 -0.696262 -0.0139909
19.2 0 -0.2911 -0.0985736 0.773721 -0.0390499 0.714959 -0.698 -0.0102417
19.24 0 -0.291793 -0.0990231 0.779803 -0.0550459 0.714957 -0.696916 -0.0106933
19.28 0 -0.29162 -0.0986445 0.783168 -0.0405261 0.714596 -0.698274 -0.0111375
19.32 0 -0.292311 -0.0985128 0.788645 -0.0502606 0.714714 -0.697561 -0.00810549
19.36 0 -0.291797 -0.098061 0.792036 -0.0482552 0.715326 -0.696976 -0.0143268
19.4 0 -0.291962 -0.0981144 0.797467 -0.0445803 0.715783 -0.696704 -0.0164461
19.44 0 -0.292627 -0.0985003 0.805096 -0.0618797 0.715263 -0.696001 -0.0123242
19.48 0 -0.292214 -0.0982606 0.808709 -0.0562308 0.715094 -0.696523 -0.0182913
19.52 0 -0.292469 -0.0980997 0.814546 -0.055118 0.715293 -0.696501 -0.0142864
19.56 0 -0.291876 -0.09799 0.819454 -0.0559141 0.715153 -0.696627 -0.0118587
19.6 0 -0.291826 -0.0978167 0.824498 -0.0490957 0.715286 -0.696929 -0.0156434
19.64 0 -0.292671 -0.0982402 0.831951 -0.0550162 0.7153 -0.696491 -0.0147676
19.68 0 -0.293009 -0.098479 0.837361 -0.058859 0.715511 -0.695782 -0.021618
19.72 0 -0.292439 -0.0982059 0.839783 -0.0428976 0.71504 -0.697616 -0.0144863
19.76 0 -0.292928 -0.0982147 0.847823 -0.0569026 0.714685 -0.697105 -0.00570109
19.8 0 -0.291978 -0.0978226 0.85083 -0.0462167 0.715799 -0.696507 -0.0193348
19.84 0 -0.29283 -0.0981298 0.859354 -0.0607834 0.714144 -0.697282 -0.0100334
19.88 0 -0.293488 -0.0982992 0.865913 -0.0584292 0.714309 -0.697094 -0.0201965
19.92 0 -0.29371 -0.0977467 0.870574 -0.0560443 0.715126 -0.69663 -0.0126648
19.96 0 -0.292812 -0.0972572 0.873706 -0.045835 0.715118 -0.697242 -0.0189517
20 0 -0.293171 -0.0974755 0.880605 -0.0495678 0.714123 -0.698226 -0.00714943
20.04 0 -0.293628 -0.0977866 0.88671 -0.0565068 0.714488 -0.697239 -0.0131478
20.08 0 -0.293953 -0.0973559 0.891433 -0.0559878 0.714924 -0.696787 -0.0154077
20.12 0 -0.293667 -0.097216 0.895045 -0.0432655 0.714565 -0.698033 -0.0165562
20.16 0 -0.29423 -0.0972168 0.903089 -0.0638946 0.714445 -0.696686 -0.0107265
20.2 0 -0.293851 -0.0971276 0.906573 -0.0540292 0.715669 -0.695791 -0.0278117
20.24 0 -0.293985 -0.0971442 0.911399 -0.0545265 0.714832 -0.697041 -0.013248
20.28 0 -0.294126 -0.0970716 0.914938 -0.048915 0.714967 -0.697081 -0.0225467
20.32 0 -0.294106 -0.0973475 0.918342 -0.0425197 0.71385 -0.698896 -0.0124325
20.36 0 -0.294772 -0.0973507 0.925085 -0.0555068 0.714372 -0.697433 -0.0133522
20.4 0 -0.29434 -0.0968775 0.927391 -0.0442625 0.71656 -0.695494 -0.0295159
20.44 0 -0.294836 -0.0973357 0.93412 -0.067054 0.714421 -0.696464 -0.0066685
20.48 0 -0.29451 -0.0974814 0.937686 -0.0573536 0.715325 -0.695908 -0.0270758
20.52 0 -0.29456 -0.0975588 0.941008 -0.0560033 0.715803 -0.69537 -0.0308212
20.56 0 -0.294446 -0.0977907 0.945157 -0.0562995 0.713472 -0.69837 -0.00816752
20.6 0 -0.295184 -0.0978538 0.9493 -0.0644415 0.715629 -0.695116 -0.0231546
20.64 0 -0.294996 -0.0975301 0.950164 -0.0491748 0.716811 -0.694776 -0.0324115
20.68 0 -0.294915 -0.0979318 0.955843 -0.0698609 0.714156 -0.696274 -0.0174137
20.72 0 -0.294242 -0.098084 0.957347 -0.0627678 0.713325 -0.697988 -0.00638397
20.76 0 -0.294574 -0.0983789 0.960206 -0.0474899 0.714378 -0.697868 -0.0197334
20.8 0 -0.294888 -0.097605 0.963491 -0.0636004 0.714053 -0.696878 -0.0210656
20.84 0 -0.295333 -0.0974725 0.96636 -0.0621959 0.71451 -0.696288 -0.0280931
20.88 0 -0.29525 -0.0969487 0.967141 -0.0470406 0.714731 -0.697765 -0.0083902
20.92 0 -0.295721 -0.0974272 0.974042 -0.0718637 0.714825 -0.695251 -0.0220656
20.96 0 -0.295827 -0.0971933 0.975729 -0.0652431 0.715408 -0.695163 -0.0261472
21 0 -0.29612 -0.0972151 0.978211 -0.0507526 0.716399 -0.69508 -0.0325834
21.04 0 -0.296338 -0.097454 0.983543 -0.0612864 0.715 -0.695602 -0.0340141
21.08 0 -0.295791 -0.0971401 0.98483 -0.0559976 0.713838 -0.697964 -0.0120809
21.12 0 -0.296292 -0.0967034 0.989082 -0.0506996 0.714715 -0.697406 -0.015359
21.16 0 -0.296043 -0.0965565 0.992458 -0.0470646 0.713912 -0.698334 -0.0210929
21.2 0 -0.296233 -0.0964725 0.99584 -0.0511189 0.714061 -0.698139 -0.0103164
21.24 0 -0.29645 -0.0966974 1.00147 -0.0588445 0.714557 -0.696808 -0.0201147
21.28 0 -0.296479 -0.0960232 1.00489 -0.0558537 0.715458 -0.696026 -0.0233916
21.32 0 -0.29655 -0.09618 1.00944 -0.051914 0.714238 -0.696906 -0.038616
21.36 0 -0.296523 -0.0960887 1.01131 -0.0553697 0.713365 -0.698505 -0.0116276
21.4 0 -0.297144 -0.0967576 1.01754 -0.05468 0.713431 -0.698424 -0.0151764
21.44 0 -0.297072 -0.096517 1.02146 -0.0572466 0.714446 -0.696705 -0.0298544
21.48 0 -0.297329 -0.0966079 1.02524 -0.0565298 0.713725 -0.698047 -0.0114797
21.52 0 -0.297536 -0.0959095 1.029 -0.0550658 0.715288 -0.695931 -0.0317912
21.56 0 -0.297994 -0.0954831 1.03137 -0.0490342 0.714997 -0.697133 -0.0195067
21.6 0 -0.298544 -0.0956669 1.03727 -0.0571614 0.715888 -0.695341 -0.0271639
21.64 0 -0.29844 -0.0963846 1.04275 -0.0681849 0.714064 -0.696225 -0.0270945
21.68 0 -0.297407 -0.0954952 1.0422 -0.0388488 0.713936 -0.699036 -0.0115948
21.72 0 -0.298181 -0.0961354 1.04863 -0.0571628 0.714894 -0.696545 -0.022003
21.76 0 -0.297946 -0.095832 1.05052 -0.0628791 0.714563 -0.69606 -0.0307659
21.8 0 -0.298004 -0.0958965 1.05377 -0.0566096 0.714583 -0.696611 -0.0299778
21.84 0 -0.298311 -0.0963095 1.05693 -0.0599852 0.715107 -0.696211 -0.0176997
21.88 0 -0.29806 -0.0969054 1.05956 -0.059992 0.715538 -0.695401 -0.0287037
21.92 0 -0.297829 -0.0969174 1.06248 -0.0607347 0.714346 -0.696689 -0.025408
21.96 0 -0.297632 -0.0964741 1.06397 -0.0564526 0.714186 -0.697391 -0.019911
22 0 -0.297802 -0.0964834 1.06779 -0.0623432 0.713889 -0.697161 -0.0210382
22.04 0 -0.298183 -0.0968453 1.07202 -0.0619322 0.713019 -0.697986 -0.0241612
22.08 0 -0.297911 -0.0960731 1.07167 -0.0626081 0.713548 -0.69734 -0.0254435
22.12 0 -0.298094 -0.095945 1.07248 -0.0505183 0.714383 -0.697806 -0.013131
22.16 0 -0.297888 -0.0963637 1.07416 -0.0551709 0.713936 -0.69792 -0.0126621
22.2 0 -0.298489 -0.0966724 1.07754 -0.0553918 0.71575 -0.695616 -0.0274153
22.24 0 -0.298186 -0.0962786 1.07991 -0.0612064 0.714507 -0.696375 -0.0282072
22.28 0 -0.298242 -0.095785 1.07863 -0.0463806 0.715525 -0.69635 -0.0311266
22.32 0 -0.29879 -0.0956851 1.08214 -0.0507908 0.71429 -0.697563 -0.0248193
22.36 0 -0.29899 -0.0958104 1.08435 -0.0542252 0.715474 -0.696024 -0.0265985
22.4 0 -0.298574 -0.0958724 1.08666 -0.0609594 0.71447 -0.696805 -0.0167271
22.44 0 -0.298466 -0.0954716 1.08701 -0.055062 0.714887 -0.696921 -0.0143447
22.48 0 -0.298788 -0.0953835 1.08877 -0.0511749 0.715543 -0.696157 -0.0273011
22.52 0 -0.299476 -0.0957404 1.09207 -0.059336 0.715224 -0.696086 -0.0199658
22.56 0 -0.298603 -0.0955475 1.09119 -0.0584849 0.715169 -0.696143 -0.0223243
22.6 0 -0.298892 -0.0957673 1.09529 -0.0565683 0.715006 -0.696327 -0.0263711
22.64 0 -0.298785 -0.0948936 1.09526 -0.048155 0.715356 -0.696854 -0.0184457
22.68 0 -0.299738 -0.0949479 1.09964 -0.0615733 0.71541 -0.695379 -0.0290924
22.72 0 -0.300058 -0.0955854 1.10237 -0.058918 0.715407 -0.695747 -0.0256419
22.76 0 -0.299071 -0.0959301 1.10472 -0.0707395 0.712444 -0.697713 -0.024821
22.8 0 -0.298817 -0.0950825 1.10473 -0.0570615 0.713755 -0.697869 -0.0166116
22.84 0 -0.299438 -0.0949168 1.10709 -0.0636026 0.713981 -0.697053 -0.0174032
22.88 0 -0.299711 -0.0951931 1.1089 -0.0639698 0.713261 -0.697707 -0.019255
22.92 0 -0.299258 -0.0950022 1.1075 -0.0556055 0.713842 -0.697977 -0.0129088
22.96 0 -0.299085 -0.095929 1.10797 -0.0548853 0.715072 -0.696614 -0.0197188
23 0 -0.298807 -0.0967916 1.10888 -0.0481017 0.716072 -0.695513 -0.0344786
23.04 0 -0.29882 -0.0972834 1.10895 -0.0536479 0.716968 -0.694313 -0.031738
23.08 0 -0.298535 -0.0975509 1.10935 -0.0555679 0.715514 -0.695536 -0.0343762
23.12 0 -0.298645 -0.0978248 1.11177 -0.0674442 0.715211 -0.694764 -0.0350451
23.16 0 -0.29887 -0.0981313 1.11273 -0.0633644 0.716106 -0.694087 -0.0376787
23.2 0 -0.298215 -0.097815 1.10917 -0.0506402 0.715765 -0.695851 -0.0301206
23.24 0 -0.299137 -0.0982008 1.11329 -0.0665494 0.715009 -0.695146 -0.0332458
23.28 0 -0.298449 -0.0976663 1.10916 -0.0555816 0.715184 -0.695949 -0.0328244
23.32 0 -0.298289 -0.0973761 1.10883 -0.0501645 0.715095 -0.696487 -0.0320584
23.36 0 -0.29862 -0.0970695 1.1093 -0.0626998 0.71544 -0.695434 -0.0242259
23.4 0 -0.299175 -0.0970203 1.11016 -0.0566876 0.715419 -0.695999 -0.0234096
23.44 0 -0.298805 -0.0964827 1.10661 -0.0407502 0.715456 -0.697316 -0.0146063
23.48 0 -0.298857 -0.0962346 1.10674 -0.0464084 0.713356 -0.69923 0.00684822
23.52 0 -0.299349 -0.0961358 1.10865 -0.0535869 0.715409 -0.696443 -0.0168693
23.56 0 -0.298848 -0.0958718 1.10698 -0.0398406 0.713869 -0.699081 -0.00949526
23.6 0 -0.299227 -0.0956481 1.10789 -0.0526779 0.714527 -0.697523 -0.011769
23.64 0 -0.298581 -0.0952705 1.10534 -0.0378519 0.7137 -0.699359 -0.009849
23.68 0 -0.298854 -0.0950794 1.10641 -0.043996 0.714292 -0.698314 -0.014472
23.72 0 -0.298968 -0.0945905 1.10615 -0.0415224 0.714524 -0.698018 -0.0223925
23.76 0 -0.299719 -0.0944518 1.10738 -0.0425063 0.713892 -0.698553 -0.02396
23.8 0 -0.300855 -0.0943577 1.10797 -0.0485496 0.714574 -0.697151 -0.0317441
23.84 0 -0.301386 -0.0943824 1.11087 -0.0684831 0.714124 -0.696247 -0.0240117
23.88 0 -0.299841 -0.0938785 1.10842 -0.0538105 0.713058 -0.698901 -0.0137578
23.92 0 -0.299261 -0.0934566 1.10684 -0.0453496 0.713778 -0.698478 -0.0243464
23.96 0 -0.30056 -0.0930536 1.10902 -0.0572388 0.713784 -0.69763 -0.0234288
24 0 -0.301212 -0.0926184 1.10858 -0.0685006 0.714412 -0.695604 -0.0325357
24.04 0 -0.300432 -0.0923825 1.10709 -0.0559674 0.714234 -0.696789 -0.0349476
24.08 0 -0.300208 -0.0929321 1.10939 -0.0656382 0.712924 -0.697962 -0.0167322
24.12 0 -0.29963 -0.0930833 1.10795 -0.0617033 0.713198 -0.698104 -0.0138481
24.16 0 -0.300058 -0.0933901 1.10798 -0.0574664 0.713254 -0.698055 -0.0261799
24.2 0 -0.300238 -0.0931931 1.10674 -0.0502229 0.714083 -0.69766 -0.0288726
24.24 0 -0.300477 -0.0935556 1.10972 -0.0680374 0.713112 -0.697303 -0.0247218
24.28 0 -0.299319 -0.0930056 1.10748 -0.0632803 0.712174 -0.699087 -0.00900938
24.32 0 -0.299691 -0.0928201 1.10784 -0.0624609 0.713021 -0.698044 -0.0208445
24.36 0 -0.300221 -0.0926534 1.10917 -0.0669094 0.713019 -0.697573 -0.0227934
24.4 0 -0.300174 -0.092488 1.1089 -0.0662526 0.71293 -0.697763 -0.0216564
24.44 0 -0.299311 -0.0922596 1.10675 -0.0660086 0.712941 -0.697918 -0.0163752
24.48 0 -0.298665 -0.0923706 1.1051 -0.0524455 0.712433 -0.699774 -0.00199075
24.52 0 -0.299063 -0.0930503 1.10736 -0.0492901 0.713444 -0.698061 -0.035772
24.56 0 -0.299976 -0.0935292 1.10923 -0.0614702 0.712759 -0.698468 -0.0183888
24.6 0 -0.299433 -0.0928034 1.10623 -0.0500263 0.714073 -0.698091 -0.0163227
24.64 0 -0.298637 -0.0906331 1.10517 -0.0480095 0.713655 -0.698768 -0.0107241
24.68 0 -0.298916 -0.0899217 1.10444 -0.0524679 0.713195 -0.69877 -0.0178943
24.72 0 -0.299062 -0.0901429 1.10534 -0.0487975 0.712743 -0.699512 -0.0173004
24.76 0 -0.298448 -0.0911107 1.10352 -0.0476752 0.712857 -0.699604 -0.0107565
24.84 0 -0.298163 -0.0922546 1.10462 -0.0427269 0.714057 -0.698622 -0.0149878
24.88 0 -0.29782 -0.0927563 1.10376 -0.0442578 0.713845 -0.698817 -0.0110072
24.92 0 -0.298597 -0.0926179 1.10494 -0.0456772 0.712741 -0.699865 -0.0101902
24.96 0 -0.299212 -0.0916025 1.10581 -0.0483391 0.713701 -0.6982 -0.0284624
25 0 -0.298551 -0.0903607 1.10425 -0.0492335 0.712966 -0.699374 -0.0114318
25.04 0 -0.298266 -0.0899386 1.10381 -0.0560509 0.713138 -0.698716 -0.0093893
25.08 0 -0.298511 -0.0901633 1.10475 -0.0594393 0.71399 -0.69739 -0.0182078
25.12 0 -0.298906 -0.091025 1.10553 -0.0560263 0.713346 -0.698465 -0.0119928
25.16 0 -0.29879 -0.0918448 1.10578 -0.0594121 0.712978 -0.698611 -0.00870151
25.2 0 -0.298592 -0.0923112 1.10516 -0.0542452 0.713996 -0.697629 -0.0241173
25.24 0 -0.299353 -0.092484 1.10706 -0.0547806 0.712905 -0.699051 -0.00970276
25.28 0 -0.299834 -0.0919463 1.10813 -0.0686643 0.712497 -0.698201 -0.0121724
25.32 0 -0.299378 -0.0913244 1.10622 -0.0557651 0.713385 -0.698203 -0.0220069
25.36 0 -0.299237 -0.0906707 1.10683 -0.061769 0.712963 -0.698141 -0.0216217
25.4 0 -0.299736 -0.0907929 1.10752 -0.0655951 0.713288 -0.697604 -0.0163109
25.44 0 -0.299961 -0.0915811 1.10632 -0.0530761 0.713215 -0.698191 -0.0321856
25.48 0 -0.300579 -0.0922366 1.10808 -0.0609117 0.714344 -0.696502 -0.0297855
25.52 0 -0.299725 -0.0930248 1.10662 -0.0520656 0.713874 -0.697564 -0.0328386
25.56 0 -0.300077 -0.093456 1.10912 -0.0565485 0.71345 -0.697933 -0.0261089
25.6 0 -0.300567 -0.0931825 1.10923 -0.0604153 0.71353 -0.697414 -0.0289555
25.64 0 -0.300921 -0.0923588 1.10794 -0.060578 0.714163 -0.697093 -0.0190715
25.68 0 -0.299368 -0.0914923 1.10642 -0.0549546 0.712275 -0.69971 -0.00699962
25.72 0 -0.297465 -0.0905302 1.10318 -0.0410914 0.715453 -0.697097 -0.02224
25.76 0 -0.296251 -0.0902941 1.10492 -0.0575992 0.715196 -0.695957 -0.0286419
25.8 0 -0.297308 -0.0900813 1.10242 -0.0500157 0.715605 -0.696376 -0.0216239
25.84 0 -0.299725 -0.0910185 1.10704 -0.0533185 0.713096 -0.698274 -0.032624
25.88 0 -0.300849 -0.0923384 1.10974 -0.0667359 0.713057 -0.69737 -0.0277735
25.92 0 -0.299324 -0.0928014 1.107 -0.0484218 0.714103 -0.698193 -0.0154438
25.96 0 -0.298275 -0.0933775 1.10458 -0.0383253 0.715055 -0.697588 -0.0244517
26 0 -0.299217 -0.0931287 1.10677 -0.0444462 0.714891 -0.697518 -0.020614
26.04 0 -0.300995 -0.0924241 1.10801 -0.0555465 0.714306 -0.69716 -0.0254929
26.08 0 -0.301318 -0.0913193 1.10617 -0.0631 0.714738 -0.696241 -0.0204003
26.12 0 -0.299778 -0.0910244 1.10646 -0.0586725 0.713217 -0.698227 -0.0189413
26.16 0 -0.298143 -0.0909486 1.10337 -0.0343926 0.714226 -0.698998 -0.0100353
26.2 0 -0.298309 -0.0914226 1.10496 -0.0529631 0.715006 -0.696882 -0.0178148
26.24 0 -0.299951 -0.0918478 1.10731 -0.0518906 0.71443 -0.697674 -0.0121718
26.28 0 -0.300372 -0.0922762 1.10492 -0.0530476 0.713873 -0.697708 -0.0278353
26.32 0 -0.301964 -0.0927631 1.10928 -0.0617926 0.715884 -0.694851 -0.029547
26.36 0 -0.300741 -0.0933211 1.10996 -0.0708026 0.713414 -0.696161 -0.0372378
26.4 0 -0.301042 -0.0931283 1.11089 -0.066601 0.714108 -0.696248 -0.0292049
26.44 0 -0.300717 -0.0923995 1.10701 -0.0637208 0.714593 -0.696244 -0.0232494
26.48 0 -0.300954 -0.0919885 1.10591 -0.0502564 0.715339 -0.696463 -0.0265386
26.52 0 -0.301161 -0.091934 1.10781 -0.0559953 0.715436 -0.695608 -0.0338341
26.56 0 -0.300621 -0.0922241 1.10895 -0.0640911 0.713973 -0.69676 -0.0256992
26.6 0 -0.299906 -0.0923065 1.10794 -0.0573203 0.713664 -0.697741 -0.0235705
26.64 0 -0.300083 -0.0925383 1.10813 -0.0638362 0.713634 -0.696994 -0.0291593
26.68 0 -0.30055 -0.0928195 1.1094 -0.0614521 0.713652 -0.69714 -0.0303343
26.72 0 -0.300636 -0.0927378 1.10887 -0.0568484 0.713618 -0.697816 -0.0238716
26.76 0 -0.301187 -0.0927982 1.10978 -0.0718856 0.714005 -0.695899 -0.0274647
26.8 0 -0.300761 -0.0927259 1.10961 -0.0647372 0.713267 -0.696995 -0.0354712
26.84 0 -0.301045 -0.0924028 1.10992 -0.0624472 0.714802 -0.696153 -0.0230026
26.88 0 -0.300397 -0.092463 1.10742 -0.0537335 0.714459 -0.697153 -0.0252845
26.92 0 -0.300858 -0.092538 1.10896 -0.0567773 0.714903 -0.696422 -0.0261989
26.96 0 -0.300499 -0.0927653 1.1089 -0.059303 0.714113 -0.696459 -0.0383459
27 0 -0.300681 -0.0929496 1.10914 -0.0636081 0.713491 -0.69735 -0.0242615
27.04 0 -0.300362 -0.0927046 1.10893 -0.0582582 0.713294 -0.698142 -0.0203614
27.08 0 -0.300131 -0.0927347 1.10813 -0.0645467 0.713197 -0.697286 -0.0312335
27.12 0 -0.30019 -0.0925872 1.10928 -0.0587283 0.71391 -0.697154 -0.0293343
27.16 0 -0.300056 -0.0926097 1.10892 -0.056464 0.713062 -0.69856 -0.0191764
27.2 0 -0.299997 -0.0924739 1.10802 -0.0542618 0.713955 -0.697798 -0.0200164
27.24 0 -0.299215 -0.0921983 1.10512 -0.0468473 0.71357 -0.698904 -0.0125046
27.28 0 -0.29966 -0.0924265 1.10775 -0.0651808 0.712601 -0.698127 -0.0238804
27.32 0 -0.300512 -0.0922578 1.10824 -0.0639252 0.71449 -0.696418 -0.0204836
27.36 0 -0.299268 -0.0920244 1.10542 -0.0465208 0.713227 -0.698774 -0.0292837
27.4 0 -0.300405 -0.0923223 1.10875 -0.0654394 0.71379 -0.696674 -0.0294253
27.44 0 -0.29987 -0.0921034 1.10759 -0.0595415 0.712447 -0.698814 -0.0230916
27.48 0 -0.299341 -0.0917979 1.10709 -0.044382 0.713276 -0.699282 -0.0164669
27.52 0 -0.296855 -0.0917385 1.10612 -0.058752 0.714325 -0.697158 -0.016088
27.56 0 -0.293193 -0.0918969 1.10588 -0.0499179 0.716162 -0.695663 -0.0259542
27.6 0 -0.287557 -0.0924583 1.10869 -0.0671405 0.71365 -0.696425 -0.0344704
27.64 0 -0.280338 -0.0917007 1.10386 -0.044451 0.715569 -0.696747 -0.0229928
27.68 0 -0.274442 -0.0917191 1.10927 -0.070091 0.713038 -0.697566 -0.0081138
27.72 0 -0.268063 -0.0909303 1.1061 -0.0503411 0.714315 -0.697909 -0.0119446
27.76 0 -0.261966 -0.0908153 1.10629 -0.0618485 0.714177 -0.696702 -0.0270639
27.8 0 -0.255575 -0.0906145 1.1071 -0.0646821 0.713225 -0.697815 -0.0134601
27.84 0 -0.248907 -0.0907382 1.10715 -0.0607498 0.714083 -0.696846 -0.0282933
27.88 0 -0.242605 -0.0912243 1.10657 -0.0481115 0.713411 -0.699038 -0.00876532
27.92 0 -0.236311 -0.0916494 1.10732 -0.0581996 0.714269 -0.696952 -0.0262823
27.96 0 -0.229997 -0.0920724 1.11014 -0.0643921 0.712457 -0.698519 -0.0181957
28 0 -0.223254 -0.0919095 1.10865 -0.0613763 0.713392 -0.697904 -0.015305
28.04 0 -0.216816 -0.0916205 1.10965 -0.061051 0.713166 -0.698019 -0.0208884
28.08 0 -0.210325 -0.0911258 1.1101 -0.0675102 0.713382 -0.697235 -0.0197879
28.12 0 -0.203641 -0.0908977 1.10959 -0.069612 0.712565 -0.698114 -0.00657952
28.16 0 -0.196986 -0.090729 1.10779 -0.0583873 0.713256 -0.698356 -0.012465
28.2 0 -0.190598 -0.0911759 1.10982 -0.0727046 0.712372 -0.69784 -0.0161059
28.24 0 -0.183972 -0.0914585 1.11112 -0.0695953 0.712222 -0.69824 -0.0188993
28.28 0 -0.177264 -0.0914616 1.10857 -0.0622299 0.712676 -0.698691 -0.00715656
28.32 0 -0.171119 -0.0918018 1.11245 -0.0714458 0.711895 -0.698568 -0.0101798
28.36 0 -0.16441 -0.0913567 1.11051 -0.0740796 0.712217 -0.697602 -0.0247127
28.4 0 -0.157797 -0.0912071 1.11168 -0.0652443 0.711935 -0.699148 -0.00915848
28.44 0 -0.15042 -0.0906702 1.10966 -0.0608242 0.712428 -0.699011 -0.0114273
28.48 0 -0.143556 -0.0909881 1.11407 -0.0815973 0.711718 -0.697467 -0.018408
28.52 0 -0.136351 -0.0905322 1.1084 -0.0475979 0.711958 -0.700589 -0.00505557
28.56 0 -0.130819 -0.0910188 1.11315 -0.0795242 0.711774 -0.697402 -0.0261399
28.6 0 -0.124291 -0.0903074 1.10672 -0.0482503 0.712622 -0.69982 -0.0096598
28.64 0 -0.118585 -0.0904431 1.11043 -0.0644667 0.711384 -0.69977 -0.00992658
28.68 0 -0.112567 -0.0905808 1.111 -0.0646491 0.711998 -0.699079 -0.0129528
28.72 0 -0.10654 -0.0900859 1.10687 -0.0500502 0.712283 -0.699969 -0.0138265
28.76 0 -0.101262 -0.0903484 1.11035 -0.0700077 0.711087 -0.699314 -0.0203363
28.8 0 -0.0954125 -0.0902689 1.11208 -0.0622901 0.711861 -0.699432 -0.0129979
28.84 0 -0.0890755 -0.0902369 1.10918 -0.0573713 0.711591 -0.6998 -0.025029
28.88 0 -0.0829093 -0.0899789 1.10885 -0.0484789 0.712132 -0.700228 -0.0140729
28.92 0 -0.0768714 -0.090215 1.11259 -0.0714725 0.710838 -0.699554 -0.0150056
28.96 0 -0.0709303 -0.0898119 1.10944 -0.0557324 0.712216 -0.698802 -0.0363097
29 0 -0.0647187 -0.0899787 1.10846 -0.0493259 0.711875 -0.700535 -0.00715103
29.04 0 -0.0586304 -0.0901944 1.11223 -0.0649023 0.711413 -0.699145 -0.029591
29.08 0 -0.0526243 -0.0898853 1.10708 -0.0459883 0.711184 -0.701251 -0.0186881
29.12 0 -0.0470972 -0.0897663 1.10809 -0.0580454 0.710902 -0.700819 -0.0100925
29.16 0 -0.0414218 -0.0896389 1.10938 -0.055652 0.71113 -0.70083 -0.00584094
29.2 0 -0.0359867 -0.0898381 1.11035 -0.0575347 0.710983 -0.700277 -0.0283589
29.24 0 -0.0306735 -0.0892295 1.10743 -0.0600099 0.711224 -0.700186 -0.01728
29.28 0 -0.0252919 -0.0894276 1.10627 -0.0505501 0.711021 -0.701199 -0.0146061
29.32 0 -0.0206595 -0.0890121 1.10514 -0.0458848 0.711705 -0.700754 -0.0177436
29.36 0 -0.0167163 -0.088723 1.10417 -0.0431973 0.711783 -0.700743 -0.0214185
29.4 0 -0.0124915 -0.0888367 1.1045 -0.0361148 0.711852 -0.701171 -0.0179185
29.44 0 -0.00897067 -0.0888197 1.10499 -0.0355393 0.712172 -0.700426 -0.0308434
29.48 0 -0.00553987 -0.0893211 1.1096 -0.056382 0.711325 -0.700181 -0.024167
29.52 0 -0.00296372 -0.0890552 1.10333 -0.0349445 0.711845 -0.701363 -0.0120376
29.56 0 0.000564277 -0.0894415 1.10701 -0.0421978 0.711617 -0.700626 -0.0307225
29.6 0 0.00366351 -0.0898008 1.11081 -0.0511541 0.711202 -0.700138 -0.0371671
29.64 0 0.006373 -0.0891881 1.1038 -0.0364467 0.712376 -0.70057 -0.0198549
29.68 0 0.0108632 -0.0889975 1.10488 -0.0403101 0.712026 -0.700795 -0.0167477
29.72 0 0.0149866 -0.0886884 1.10302 -0.0310899 0.712761 -0.700672 -0.00799076
29.76 0 0.0202641 -0.0885666 1.10566 -0.0416446 0.712278 -0.700422 -0.0183165
29.8 0 0.0257054 -0.088858 1.10889 -0.052729 0.711499 -0.700033 -0.0307083
29.84 0 0.0314087 -0.0889096 1.10805 -0.0465006 0.710999 -0.70113 -0.027113
29.88 0 0.0363845 -0.088515 1.10465 -0.0382928 0.711586 -0.701179 -0.0229683
29.92 0 0.0408557 -0.0884055 1.10259 -0.0221973 0.713063 -0.70063 -0.0128734
29.96 0 0.0457212 -0.0884763 1.10452 -0.0414309 0.711956 -0.700835 -0.0152619
30 0 0.0506328 -0.0885343 1.1037 -0.0347006 0.711825 -0.701104 -0.0235404
30.04 0 0.0562046 -0.0888998 1.10641 -0.0375158 0.71209 -0.700696 -0.0233572
30.08 0 0.0624834 -0.0889671 1.10653 -0.0289332 0.711835 -0.701253 -0.0264018
30.12 0 0.0680975 -0.088851 1.10402 -0.0354642 0.711838 -0.701253 -0.0165083
30.16 0 0.0739401 -0.0888749 1.10503 -0.0386542 0.711659 -0.700921 -0.0274956
30.2 0 0.0798434 -0.0891616 1.10847 -0.0418552 0.710544 -0.701355 -0.0384114
30.24 0 0.0851829 -0.0885847 1.10322 -0.0382285 0.71094 -0.701855 -0.022404
30.28 0 0.0911403 -0.0884747 1.10372 -0.0298132 0.712639 -0.700722 -0.0156663
30.32 0 0.0980098 -0.0889211 1.10767 -0.038741 0.710985 -0.701683 -0.0252852
30.36 0 0.103115 -0.0882508 1.10352 -0.0307886 0.711208 -0.701906 -0.0237298
30.4 0 0.108038 -0.0882184 1.10475 -0.0326429 0.711946 -0.701321 -0.0147068
30.44 0 0.113893 -0.0883419 1.10589 -0.0402423 0.709588 -0.702941 -0.0272003
30.48 0 0.119524 -0.0883663 1.1067 -0.0400196 0.710663 -0.701994 -0.0236853
30.52 0 0.125165 -0.0883574 1.10608 -0.0347214 0.709729 -0.702501 -0.0396401
30.56 0 0.130238 -0.088475 1.10548 -0.0423865 0.711008 -0.701774 -0.0135599
30.6 0 0.136641 -0.0885021 1.10443 -0.0361008 0.710558 -0.702602 -0.0124412
30.64 0 0.143593 -0.0888451 1.10718 -0.0545477 0.707305 -0.703887 -0.0358869
30.68 0 0.151729 -0.0888272 1.10861 -0.047088 0.707603 -0.704131 -0.03578
30.72 0 0.157723 -0.0884947 1.10394 -0.0309886 0.710968 -0.702448 -0.0114281
30.76 0 0.165585 -0.0885179 1.10476 -0.0416328 0.708113 -0.70442 -0.0251977
30.8 0 0.173584 -0.0888601 1.10778 -0.0536684 0.707618 -0.704091 -0.025545
30.84 0 0.180782 -0.08865 1.10712 -0.0507996 0.708354 -0.703768 -0.0190874
30.88 0 0.187412 -0.0886632 1.10552 -0.0432851 0.708583 -0.703846 -0.0252283
30.92 0 0.194964 -0.0887114 1.10675 -0.0458986 0.707802 -0.704688 -0.0180242
30.96 0 0.200634 -0.0884074 1.10562 -0.0438349 0.707855 -0.704431 -0.0282371
31 0 0.20786 -0.0885847 1.10822 -0.0582996 0.705919 -0.705384 -0.0266852
31.04 0 0.213989 -0.0882891 1.10603 -0.0491696 0.707088 -0.705068 -0.0220945
31.08 0 0.219539 -0.0885785 1.10579 -0.0455873 0.709703 -0.702659 -0.0226511
31.12 0 0.225975 -0.0883013 1.10465 -0.0535375 0.706859 -0.704996 -0.021553
31.16 0 0.231202 -0.0882318 1.10379 -0.0431436 0.707029 -0.705435 -0.024714
31.2 0 0.236305 -0.0885181 1.10624 -0.0517053 0.707681 -0.704388 -0.0187695
31.24 0 0.240539 -0.088605 1.10753 -0.0496572 0.709043 -0.703057 -0.022443
31.28 0 0.245786 -0.0884902 1.10689 0.0561745 -0.705595 0.706135 0.0188299
31.32 0 0.249601 -0.0883876 1.10779 -0.0530192 0.706061 -0.705766 -0.0237132
31.36 0 0.252739 -0.0881006 1.1033 0.042092 -0.706107 0.70646 0.0235714
31.4 0 0.256936 -0.0881626 1.10458 -0.0380221 0.70651 -0.705832 -0.0346325
31.44 0 0.261503 -0.0885119 1.10533 0.047456 -0.705217 0.707065 0.0218
31.48 0 0.265394 -0.0887113 1.10725 -0.047935 0.70708 -0.705128 -0.0231417
31.52 0 0.269574 -0.0886824 1.10683 0.0474391 -0.705137 0.70671 0.0330636
31.56 0 0.274573 -0.0888195 1.1099 0.0594764 -0.703084 0.707355 0.0422444
31.6 0 0.278233 -0.0885013 1.10809 0.0514898 -0.70476 0.707259 0.0211556
31.64 0 0.278809 -0.0880561 1.10403 -0.038587 0.710146 -0.702792 -0.0169126
31.68 0 0.282991 -0.0881235 1.10617 -0.039528 0.708528 -0.704472 -0.0120125
31.72 0 0.286665 -0.0883712 1.10819 0.0453071 -0.70572 0.7064 0.0301117
31.76 0 0.288124 -0.0881973 1.10645 -0.0420843 0.706756 -0.706016 -0.0162792
31.8 0 0.290834 -0.0884381 1.10859 -0.0513112 0.706746 -0.705195 -0.0240262
31.84 0 0.292993 -0.0883141 1.10604 -0.04512 0.707543 -0.705183 -0.00800983
31.88 0 0.295306 -0.0882089 1.10427 -0.0280037 0.708607 -0.704902 -0.0142864
31.92 0 0.298845 -0.0885567 1.10887 0.0564836 -0.705274 0.706129 0.0279067
31.96 0 0.300008 -0.0882722 1.10868 -0.0554164 0.706111 -0.70549 -0.0249019
32 0 0.299602 -0.0879688 1.1044 -0.0312179 0.70963 -0.703804 -0.0105336
32.04 0 0.299356 -0.0881035 1.10531 -0.0411967 0.709304 -0.703594 -0.0120797
32.08 0 0.299748 -0.0883789 1.10719 -0.0489893 0.706602 -0.705501 -0.0241309
32.12 0 0.299951 -0.0886586 1.10789 0.0483939 -0.705901 0.706302 0.0223472
32.16 0 0.299735 -0.0888806 1.10788 0.0538162 -0.705423 0.706167 0.0284761
32.2 0 0.299893 -0.0886182 1.10631 -0.0429522 0.707275 -0.705452 -0.0159371
32.24 0 0.3 -0.088642 1.10548 -0.0372986 0.706799 -0.706011 -0.0243355
32.28 0 0.300699 -0.0885623 1.10728 0.0479212 -0.705406 0.706917 0.0193419
32.32 0 0.299226 -0.0880717 1.10395 -0.0334863 0.709182 -0.704154 -0.01038
32.36 0 0.300715 -0.0881679 1.10768 0.0478996 -0.704848 0.707415 0.021425
32.4 0 0.300033 -0.0881667 1.10889 0.0546025 -0.705505 0.705882 0.0318171
32.44 0 0.297859 -0.0872176 1.1039 -0.0350745 0.70806 -0.704478 -0.0336468
32.48 0 0.299831 -0.0870423 1.10865 0.0601052 -0.7027 0.708196 0.0325186
32.52 0 0.29913 -0.0865261 1.10653 0.051095 -0.705208 0.706682 0.0259134
32.56 0 0.299133 -0.0865244 1.10601 0.0553837 -0.704755 0.706771 0.0269726
32.6 0 0.299734 -0.086992 1.1063 0.056116 -0.703657 0.707896 0.0245271
32.64 0 0.299062 -0.0873233 1.10579 -0.051108 0.706419 -0.705697 -0.0187546
32.68 0 0.298827 -0.0876797 1.10683 -0.0464948 0.708169 -0.704314 -0.0166179
32.72 0 0.298988 -0.0878792 1.10845 -0.0538615 0.706688 -0.705027 -0.025082
32.76 0 0.298471 -0.087615 1.10656 -0.0485393 0.706753 -0.70523 -0.0281864
32.8 0 0.299404 -0.0873532 1.10773 0.0579192 -0.705124 0.706488 0.0179043
32.84 0 0.299135 -0.0871459 1.10741 0.0551918 -0.704358 0.706869 0.0342151
32.88 0 0.298836 -0.0867834 1.10636 0.0501383 -0.704775 0.706898 0.0327553
32.92 0 0.298632 -0.0870116 1.10638 0.0513725 -0.705701 0.705911 0.032198
32.96 0 0.299621 -0.0875215 1.10939 0.0665284 -0.703408 0.707045 0.0296322
33 0 0.29972 -0.0878332 1.10848 0.0624693 -0.703395 0.7075 0.0278625
33.04 0 0.298697 -0.0875972 1.10585 -0.0450902 0.707134 -0.705212 -0.0245886
33.08 0 0.298773 -0.0874001 1.10724 0.0503892 -0.70527 0.706656 0.0263121
33.12 0 0.298102 -0.0865408 1.10552 0.0496055 -0.704659 0.707287 0.0272077
33.16 0 0.299013 -0.0859619 1.10691 0.056805 -0.703452 0.707886 0.0287297
33.2 0 0.299084 -0.0855377 1.10723 0.0554802 -0.704702 0.706882 0.0252071
33.24 0 0.298094 -0.0847195 1.10518 -0.0435804 0.707426 -0.705118 -0.02141
33.28 0 0.297873 -0.0844494 1.10356 0.0426493 -0.70553 0.70679 0.0292636
33.32 0 0.298543 -0.0847333 1.10569 0.0452741 -0.705722 0.706705 0.021808
33.36 0 0.298338 -0.0846731 1.10469 0.0434847 -0.70444 0.707973 0.0254443
33.4 0 0.297862 -0.0843525 1.10636 0.0510092 -0.70612 0.706251 0.0011869
33.44 0 0.295621 -0.0834951 1.10276 -0.0418574 0.706448 -0.706388 -0.0139336
33.48 0 0.294989 -0.0828304 1.10183 0.0439196 -0.7051 0.707337 0.0240538
33.52 0 0.294537 -0.0822764 1.10173 0.0519058 -0.705296 0.706724 0.0201207
33.56 0 0.29497 -0.082431 1.10259 -0.0548449 0.706289 -0.705796 0.000303052
33.6 0 0.294587 -0.0832557 1.10051 -0.0397137 0.708657 -0.704418 -0.00478702
33.64 0 0.295187 -0.0838014 1.09876 0.0457932 -0.705702 0.706842 0.0162156
33.68 0 0.295746 -0.0835184 1.09734 -0.0391557 0.706855 -0.706175 -0.0118325
33.72 0 0.295601 -0.0827734 1.09428 -0.0361973 0.706992 -0.70614 -0.0147386
33.76 0 0.295443 -0.0824265 1.09211 -0.0380473 0.707336 -0.70584 -0.00438461
33.8 0 0.295627 -0.0835689 1.09124 -0.0441563 0.707093 -0.705723 -0.00500399
33.84 0 0.296768 -0.0842709 1.08983 0.0599726 -0.700622 0.710209 0.0336846
33.88 0 0.296144 -0.083669 1.0872 0.0545233 -0.705461 0.706224 0.0244986
33.92 0 0.297267 -0.0830826 1.08535 -0.0394478 0.706347 -0.706302 -0.0255984
33.96 0 0.297107 -0.0834761 1.08339 0.0538288 -0.705242 0.706669 0.0188585
34 0 0.297127 -0.0844883 1.08096 0.0579806 -0.70245 0.709088 0.0199215
34.04 0 0.296792 -0.0843168 1.07797 0.0492452 -0.703294 0.708955 0.0183336
34.08 0 0.295475 -0.083542 1.07196 0.0443549 -0.705428 0.707284 0.0123702
34.12 0 0.29604 -0.0835108 1.0706 0.0542173 -0.703964 0.707942 0.0177081
34.16 0 0.296651 -0.0835494 1.06699 0.0457118 -0.703472 0.70905 0.0169114
34.2 0 0.295846 -0.0839288 1.06509 -0.0389854 0.707749 -0.7053 -0.0110645
34.24 0 0.296682 -0.0848124 1.064 0.0521846 -0.704787 0.707169 0.021546
34.28 0 0.294749 -0.0838956 1.05431 -0.0294351 0.707894 -0.705344 -0.0225624
34.32 0 0.296601 -0.0840168 1.05437 -0.0389562 0.707352 -0.705662 -0.0133145
34.36 0 0.296512 -0.0836225 1.04944 0.0464527 -0.70532 0.707183 0.0160765
34.4 0 0.296459 -0.0838625 1.04555 -0.0411939 0.706902 -0.706037 -0.0102409
34.44 0 0.297833 -0.0847999 1.04402 0.0485195 -0.702008 0.709504 0.0378895
34.48 0 0.296147 -0.0848197 1.0357 0.0352576 -0.706477 0.706606 0.0188393
34.52 0 0.297721 -0.084258 1.0335 0.043212 -0.703902 0.708705 0.0198006
34.56 0 0.29749 -0.0839102 1.02817 0.0343582 -0.706597 0.706731 0.00847761
34.6 0 0.297379 -0.0844517 1.02584 -0.0399784 0.707375 -0.705696 -0.00394819
34.64 0 0.296235 -0.0845872 1.01701 -0.0283538 0.706966 -0.706257 -0.0244084
34.68 0 0.297929 -0.0849918 1.01652 0.0390802 -0.706018 0.706619 0.0264696
34.72 0 0.297157 -0.0841087 1.00854 -0.0288659 0.708778 -0.70484 -0.00052128
34.76 0 0.298623 -0.0842407 1.00675 0.0381048 -0.704595 0.708255 0.0216713
34.8 0 0.297526 -0.0844762 1.00168 -0.036723 0.707371 -0.705578 -0.0209214
34.84 0 0.299055 -0.0856273 0.998638 0.039624 -0.703045 0.709725 0.02118
34.88 0 0.298614 -0.0859591 0.994571 0.0436576 -0.705798 0.706899 0.015386
34.92 0 0.297494 -0.0850284 0.985149 0.0354218 -0.70644 0.706727 0.0150163
34.96 0 0.2986 -0.0848564 0.983036 0.0364966 -0.705859 0.707237 0.0157114
35 0 0.298151 -0.0849438 0.977171 -0.039873 0.707139 -0.705876 -0.0101834
35.04 0 0.2973 -0.0855189 0.966958 0.0212269 -0.706006 0.707569 0.0212243
35.08 0 0.297488 -0.0856231 0.962884 -0.0350239 0.707492 -0.705798 -0.00880952
35.12 0 0.298975 -0.0857062 0.959379 0.0381997 -0.705023 0.707976 0.0159366
35.16 0 0.298682 -0.0853743 0.952048 0.0303533 -0.706062 0.707391 0.0123543
35.2 0 0.298932 -0.0858226 0.9465 0.0329983 -0.706277 0.707098 0.00982569
35.24 0 0.297572 -0.0857562 0.936637 0.0250298 -0.706228 0.707144 0.023718
35.28 0 0.298806 -0.0861884 0.933109 0.0271846 -0.705655 0.707614 0.0243859
35.32 0 0.299396 -0.0864214 0.926546 0.0344537 -0.702612 0.710093 0.0302857
35.36 0 0.299469 -0.0866631 0.922893 -0.0391757 0.706874 -0.706229 -0.00587639
35.4 0 0.299817 -0.0866237 0.915697 0.0282655 -0.706125 0.707417 0.0122808
35.44 0 0.29905 -0.0866115 0.908539 0.0329888 -0.703842 0.709376 0.0174469
35.48 0 0.29815 -0.0863107 0.902937 0.0292811 -0.706334 0.707097 0.0157754
35.52 0 0.297587 -0.0861622 0.898492 -0.0394938 0.707978 -0.705093 -0.00718725
35.56 0 0.298559 -0.0865941 0.891298 0.03079 -0.706268 0.707246 0.00638784
35.6 0 0.299454 -0.0869407 0.885742 0.040548 -0.703943 0.708896 0.0169329
35.64 0 0.299302 -0.0869661 0.878047 0.0320364 -0.705117 0.708333 0.0069147
35.68 0 0.299158 -0.0868685 0.872442 0.0325637 -0.704679 0.708429 0.0222578
35.72 0 0.298735 -0.0873569 0.866148 0.0393861 -0.704081 0.708852 0.0157668
35.76 0 0.29735 -0.0869838 0.857061 0.0271114 -0.7063 0.707279 0.0126913
35.8 0 0.297452 -0.0870713 0.850415 0.0321038 -0.703616 0.70975 0.0121644
35.84 0 0.296009 -0.0868942 0.841341 0.0242732 -0.705942 0.707715 0.0140061
35.88 0 0.297462 -0.0877444 0.836653 0.0340538 -0.704624 0.708741 0.00556361
35.92 0 0.296777 -0.0872554 0.828053 -0.0291872 0.708087 -0.705494 -0.00628045
35.96 0 0.297418 -0.0876337 0.82021 0.0266599 -0.706427 0.707242 0.00762475
36 0 0.297177 -0.0877758 0.811567 -0.0224767 0.708028 -0.705786 -0.00757618
36.04 0 0.29824 -0.0878123 0.804908 0.0250255 -0.705188 0.708462 0.012881
36.08 0 0.298135 -0.0878632 0.797495 0.0251443 -0.705806 0.707932 0.00614602
36.12 0 0.297582 -0.0880934 0.789242 0.0234256 -0.706114 0.707539 0.0155931
36.16 0 0.298564 -0.0882281 0.782201 0.0261024 -0.70467 0.709035 0.00538266
36.2 0 0.298717 -0.0883578 0.776559 0.0348184 -0.704932 0.708395 0.00593435
36.24 0 0.297549 -0.0887215 0.767133 0.0256182 -0.705754 0.707982 0.00403368
36.28 0 0.297622 -0.0886852 0.759782 0.0304774 -0.701888 0.711548 0.0111387
36.32 0 0.296295 -0.0885161 0.751359 0.0230304 -0.70535 0.708448 0.00723777
36.36 0 0.296751 -0.0890898 0.745018 0.0311901 -0.703303 0.710032 0.0156985
36.4 0 0.295444 -0.0888059 0.735372 -0.0239946 0.707421 -0.706372 -0.00428442
36.44 0 0.296442 -0.0894666 0.729035 0.0321706 -0.704951 0.708514 0.00400596
36.48 0 0.296722 -0.0893909 0.720632 0.0278634 -0.704315 0.709279 0.00936315
36.52 0 0.297105 -0.0897052 0.713084 0.0266941 -0.704873 0.708776 0.00886764
36.56 0 0.297329 -0.0898061 0.704302 0.0278273 -0.703685 0.709951 0.00477662
36.6 0 0.297384 -0.0898115 0.696538 0.0245308 -0.705401 0.708366 0.00502117
36.64 0 0.297283 -0.0901251 0.687762 0.0254183 -0.703762 0.709884 0.0117314
36.68 0 0.296727 -0.0902682 0.680067 -0.0208999 0.708027 -0.705848 -0.00635388
36.72 0 0.296791 -0.0905654 0.671692 0.0241715 -0.705417 0.708319 0.00935229
36.76 0 0.296409 -0.0907664 0.663175 0.0236375 -0.704596 0.709158 0.00897889
36.8 0 0.295865 -0.0906996 0.654531 0.0196343 -0.706113 0.707794 0.00688268
36.84 0 0.296748 -0.0914218 0.647395 0.0256699 -0.703348 0.710338 0.00789398
36.88 0 0.296323 -0.0915099 0.638792 0.0242277 -0.704087 0.709631 0.00994121
36.92 0 0.296558 -0.0919115 0.630995 0.0234595 -0.703633 0.71014 0.00723421
36.96 0 0.296733 -0.0922675 0.623637 0.0264697 -0.703103 0.710541 0.00876854
37 0 0.295576 -0.0920852 0.614182 0.020662 -0.704384 0.709385 0.0137371
37.04 0 0.296303 -0.0925085 0.607211 0.0252688 -0.702552 0.71115 0.006911
37.08 0 0.296235 -0.0925178 0.600201 0.0252127 -0.704081 0.709654 0.00500538
37.12 0 0.295733 -0.0927085 0.591713 0.0230363 -0.704669 0.709129 0.00683199
37.16 0 0.295885 -0.0930533 0.584042 0.021837 -0.703511 0.710236 0.0126848
37.2 0 0.296317 -0.0930132 0.576612 0.0212468 -0.703493 0.710292 0.0114337
37.24 0 0.296897 -0.0934361 0.569557 0.0229915 -0.702359 0.711369 0.0108427
37.28 0 0.296415 -0.0936639 0.561163 0.0227915 -0.702286 0.711454 0.0103897
37.32 0 0.297171 -0.094058 0.554658 0.0283171 -0.700747 0.712761 0.0110943
37.36 0 0.296009 -0.093969 0.545484 0.0198075 -0.703697 0.71018 0.00784587
37.4 0 0.29621 -0.0941686 0.538339 0.0189384 -0.703518 0.710402 0.00569277
37.44 0 0.295472 -0.0939842 0.530175 0.016641 -0.704152 0.709791 0.00948802
37.48 0 0.294829 -0.0942329 0.52245 0.0145865 -0.706383 0.707675 0.00241834
37.52 0 0.29518 -0.0946357 0.515529 0.0179059 -0.70406 0.709898 0.00487029
37.56 0 0.295047 -0.0947911 0.508428 0.016779 -0.703764 0.710207 0.00636295
37.6 0 0.294609 -0.0946623 0.501244 0.0155399 -0.704226 0.709764 0.00771204
37.64 0 0.294752 -0.0950263 0.494976 0.0201857 -0.703405 0.710471 0.00669808
37.68 0 0.29477 -0.0953715 0.488792 0.0185945 -0.703546 0.710369 0.00724326
37.72 0 0.294594 -0.0951169 0.482382 0.018553 -0.702936 0.710943 0.00982634
37.76 0 0.294036 -0.0952522 0.476268 0.0179283 -0.704367 0.709592 0.00505591
37.8 0 0.293633 -0.0954559 0.470037 0.0129355 -0.705173 0.708909 0.0033638
37.84 0 0.293321 -0.0954581 0.463835 0.0131834 -0.703572 0.710431 0.0100222
37.88 0 0.293817 -0.0955231 0.459081 0.0159155 -0.703274 0.710682 0.00909697
37.92 0 0.293256 -0.0957933 0.452921 0.0127665 -0.704284 0.709767 0.00719234
37.96 0 0.293712 -0.0960012 0.448091 0.0147102 -0.703709 0.71032 0.00483567
38 0 0.293212 -0.0960489 0.442424 0.0117744 -0.704952 0.709152 0.00284793
38.04 0 0.293233 -0.0961498 0.438035 0.0143861 -0.70542 0.70864 0.00220331
38.08 0 0.292895 -0.0961049 0.432552 0.0116956 -0.70504 0.709055 0.00469905
38.12 0 0.292853 -0.0962146 0.427426 0.0108952 -0.703667 0.710402 0.00792189
38.16 0 0.293856 -0.0966061 0.424388 0.0170979 -0.701958 0.711985 0.00631921
38.2 0 0.293093 -0.0965688 0.419537 0.0124681 -0.705034 0.709059 0.00263332
38.24 0 0.293208 -0.0967694 0.415458 0.0123318 -0.704069 0.710007 0.00502259
38.28 0 0.292739 -0.096758 0.411064 0.0134386 -0.704713 0.70935 0.00466215
38.32 0 0.293477 -0.0968531 0.407332 0.0145018 -0.70354 0.710498 0.00367197
38.36 0 0.292897 -0.0968773 0.402671 0.0143304 -0.703903 0.710138 0.004455
38.4 0 0.292602 -0.0968433 0.398204 0.0123201 -0.703891 0.710177 0.00587642
38.44 0 0.292457 -0.0970001 0.393736 0.0102138 -0.703845 0.710256 0.00576401
38.48 0 0.292374 -0.0969249 0.389961 0.0113595 -0.70434 0.70976 0.0041664
38.52 0 0.292269 -0.097071 0.386045 0.0110615 -0.703047 0.711031 0.00613154
38.56 0 0.292326 -0.0972402 0.382105 0.00918609 -0.70259 0.711507 0.0063761
38.6 0 0.292527 -0.0974677 0.37895 0.0118507 -0.703658 0.710434 0.00288361
38.64 0 0.291215 -0.0973323 0.374233 0.00958661 -0.704173 0.709944 0.00523241
38.68 0 0.292672 -0.0978432 0.371545 0.0135096 -0.700922 0.713091 0.00527476
38.72 0 0.292161 -0.0976297 0.367984 0.0120293 -0.702897 0.711158 0.00671641
38.76 0 0.291567 -0.0975185 0.364303 0.0115621 -0.702839 0.711226 0.0064313
38.8 0 0.291798 -0.0978747 0.361241 0.0106422 -0.702529 0.711567 0.0036347
38.84 0 0.290926 -0.0975387 0.358114 0.00849839 -0.704948 0.709207 0.00127263
38.88 0 0.29108 -0.0979576 0.355606 0.0114685 -0.702225 0.711851 0.00405014
38.92 0 0.290283 -0.0976875 0.353038 0.00976842 -0.705959 0.708186 -0.000203183
38.96 0 0.290314 -0.0977747 0.350666 0.00897456 -0.703874 0.710252 0.00487711
39 0 0.290658 -0.0978925 0.348996 0.0117749 -0.703262 0.710829 0.00228935
39.04 0 0.290185 -0.0978347 0.346386 0.00913497 -0.705081 0.709067 -0.000716678
39.08 0 0.290487 -0.0977055 0.344254 0.0094035 -0.703824 0.71031 0.00182038
39.12 0 0.290999 -0.0978043 0.34259 0.0104273 -0.703227 0.710887 0.00140247
39.16 0 0.290408 -0.0979238 0.339999 0.0080103 -0.703301 0.710838 0.00367554
39.2 0 0.290525 -0.0983075 0.33857 0.00884544 -0.705732 0.708421 -0.00183166
39.24 0 0.29096 -0.0982087 0.336649 0.0100745 -0.703217 0.710904 0.000894318
39.28 0 0.29042 -0.0979568 0.334357 0.00826219 -0.704107 0.710046 -0.00020796
39.32 0 0.289718 -0.0979382 0.332321 0.0067256 -0.705875 0.708304 -0.000367664
39.36 0 0.29145 -0.0985488 0.332298 0.0121207 -0.703751 0.710338 -0.00273787
39.4 0 0.290817 -0.0983772 0.330166 0.0098356 -0.70412 0.710012 -0.00132568
39.44 0 0.290452 -0.0981661 0.328235 0.00947531 -0.703381 0.710749 0.00051064
39.48 0 0.290042 -0.0980761 0.327076 0.00888115 -0.705572 0.708582 -0.000908727
39.52 0 0.289939 -0.0982331 0.325449 0.00907959 -0.703609 0.710527 0.00204025
39.56 0 0.289685 -0.0975883 0.323701 0.0069158 -0.702713 0.711437 0.00170064
39.6 0 0.290186 -0.097554 0.32398 0.00904982 -0.703568 0.71057 -0.00035655
39.64 0 0.29015 -0.0973062 0.323409 0.00855699 -0.702425 0.711706 0.000962437
39.68 0 0.29045 -0.0973691 0.323463 0.00876482 -0.702069 0.712055 -0.000316407
39.72 0 0.290586 -0.0974641 0.323712 0.00861009 -0.701929 0.712195 0.000794588
39.76 0 0.290637 -0.097543 0.323613 0.00875961 -0.700566 0.713528 0.00298433
39.8 0 0.290386 -0.097515 0.324 0.007156 -0.704604 0.709554 -0.00401879
39.84 0 0.290147 -0.0973816 0.323905 0.00825696 -0.703588 0.710559 0.000975607
39.88 0 0.290735 -0.0976656 0.323927 0.00968574 -0.700774 0.713317 0.00101917
39.92 0 0.290662 -0.0975706 0.324127 0.00874771 -0.702876 0.711256 -0.0019824
39.96 0 0.290511 -0.0975208 0.323982 0.00812935 -0.703902 0.71025 -0.00115057
40 0 0.290281 -0.0974255 0.323695 0.00859104 -0.702768 0.711353 0.00448573
40.04 0 0.290915 -0.097641 0.3236 0.00781437 -0.700712 0.713394 0.00322511
40.08 0 0.291571 -0.0978269 0.324145 0.00838576 -0.701493 0.712626 0.00105014
40.12 0 0.291874 -0.0978768 0.324628 0.00923577 -0.70364 0.710493 -0.00237858
40.16 0 0.291631 -0.0977602 0.324291 0.00749279 -0.70307 0.711078 0.00183645
40.2 0 0.291443 -0.0979074 0.324408 0.00685714 -0.704191 0.709972 0.00288099
40.24 0 0.292117 -0.0979904 0.325168 0.00696657 -0.70579 0.70838 -0.00311798
40.28 0 0.291361 -0.097808 0.324064 0.00377127 -0.704009 0.710163 0.00502073
40.32 0 0.292372 -0.0981098 0.324888 0.00669411 -0.703199 0.71095 0.00398083
40.36 0 0.292419 -0.0983002 0.325075 0.00632401 -0.703851 0.710308 0.00402994
40.4 0 0.293526 -0.0986262 0.325937 0.00881192 -0.702885 0.711248 0.00147414
40.44 0 0.292882 -0.0986264 0.325566 0.00822193 -0.703065 0.711075 0.00204951
40.48 0 0.29287 -0.0985337 0.325346 0.005022 -0.702379 0.711756 0.0065143
40.52 0 0.292668 -0.0985263 0.325654 0.00720224 -0.703088 0.711061 0.00281873
40.56 0 0.292162 -0.09847 0.325259 0.00561813 -0.703657 0.710506 0.00412675
40.6 0 0.292722 -0.0986676 0.326067 0.00809986 -0.703336 0.710795 0.00489527
40.64 0 0.292762 -0.0988031 0.326259 0.00645203 -0.704437 0.709731 0.00295195
40.68 0 0.29315 -0.0990371 0.326767 0.00701966 -0.704516 0.709651 0.00172618
40.72 0 0.292581 -0.0988723 0.326073 0.00463203 -0.703002 0.711144 0.00649732
40.76 0 0.292632 -0.0987998 0.326693 0.00811603 -0.705265 0.708897 -0.00044104
40.8 0 0.292085 -0.0985283 0.325834 0.00562724 -0.705863 0.708325 0.00140018
40.84 0 0.292061 -0.0983939 0.325507 0.00348299 -0.705538 0.708661 0.00182727
40.88 0 0.292726 -0.0986371 0.325806 0.00687903 -0.703086 0.71106 0.00407783
40.92 0 0.292227 -0.0985776 0.326147 0.0049776 -0.70654 0.707655 0.00012721
40.96 0 0.292291 -0.0988408 0.326059 0.00445653 -0.704888 0.709303 0.00137525
41 0 0.292319 -0.0987819 0.326231 0.0057075 -0.704734 0.709447 0.00165302
41.04 0 0.292984 -0.0990793 0.326469 0.00854927 -0.701497 0.712597 0.00580805
41.08 0 0.291924 -0.0985995 0.325745 0.00421887 -0.705497 0.708698 0.00197396
41.12 0 0.292089 -0.0985947 0.325505 0.00506562 -0.703368 0.710797 0.00392172
41.16 0 0.292316 -0.0985545 0.325615 0.00463675 -0.704828 0.709357 0.00308635
41.2 0 0.292922 -0.0986996 0.3261 0.00673952 -0.704463 0.709708 0.00128929
41.24 0 0.293156 -0.0986941 0.325832 0.00794655 -0.702565 0.71157 0.00279517
41.28 0 0.293235 -0.0986248 0.325994 0.00738844 -0.703299 0.710845 0.00390449
41.32 0 0.293752 -0.0988685 0.326028 0.00802215 -0.701446 0.712653 0.00595874
41.36 0 0.293636 -0.0989618 0.325814 0.00673758 -0.700569 0.713476 0.010444
41.4 0 0.293616 -0.0990096 0.326464 0.00765353 -0.702932 0.711182 0.00686014
41.44 0 0.293282 -0.0989283 0.326138 0.00587446 -0.703624 0.710535 0.00437761
41.48 0 0.293617 -0.0989574 0.325953 0.00732657 -0.701118 0.712964 0.00788628
41.52 0 0.292921 -0.0987837 0.3256 0.00411544 -0.704567 0.709616 0.00373379
41.56 0 0.293567 -0.0989443 0.326124 0.00697881 -0.703571 0.710576 0.0046706
41.6 0 0.293323 -0.0988834 0.325741 0.00675693 -0.703227 0.710914 0.00519776
41.64 0 0.293587 -0.0989695 0.326048 0.00682225 -0.702927 0.711212 0.00494613
41.68 0 0.293404 -0.0989917 0.326154 0.00601587 -0.703029 0.711108 0.00625175
41.72 0 0.290517 -0.098883 0.325927 0.00503953 -0.703342 0.710789 0.00793824
41.76 0 0.285041 -0.0989049 0.326292 0.00671455 -0.70345 0.710684 0.00642127
41.8 0 0.278183 -0.098882 0.326271 0.00592738 -0.70455 0.709622 0.00323067
41.84 0 0.27113 -0.0990362 0.326468 0.00765524 -0.703733 0.7104 0.0057553
41.88 0 0.263574 -0.0990244 0.32639 0.00580968 -0.704927 0.709247 0.00369206
41.92 0 0.255876 -0.0991218 0.326574 0.00612169 -0.70536 0.708807 0.00471918
41.96 0 0.248305 -0.0992327 0.32659 0.00462238 -0.705036 0.709142 0.00461473
42 0 0.240461 -0.0994219 0.327118 0.00569172 -0.705315 0.708861 0.0037783
42.04 0 0.232184 -0.0995656 0.327463 0.00573419 -0.706834 0.707347 0.00355871
42.08 0 0.224189 -0.0996608 0.327546 0.00546521 -0.706333 0.707849 0.00376311
42.12 0 0.216206 -0.100038 0.328424 0.00699003 -0.706703 0.707472 0.00199605
42.16 0 0.208535 -0.100229 0.328987 0.00752606 -0.706507 0.707664 0.00187204
42.2 0 0.199851 -0.100231 0.328533 -0.00511544 0.707241 -0.706947 -0.00306528
42.24 0 0.191795 -0.100475 0.329241 -0.00755718 0.707147 -0.70702 -0.00294746
42.28 0 0.184335 -0.100709 0.329841 0.00920545 -0.70703 0.707124 -0.000288442
42.32 0 0.176317 -0.100518 0.329307 -0.00722599 0.707446 -0.706727 -0.00215028
42.36 0 0.168887 -0.100584 0.329522 -0.0077913 0.707552 -0.706611 -0.00323484
42.4 0 0.162129 -0.100726 0.329617 0.00831555 -0.70639 0.707772 0.00150611
42.44 0 0.154927 -0.100649 0.329446 -0.00729389 0.707819 -0.706355 -0.000868851
42.48 0 0.148625 -0.100822 0.330043 -0.00882119 0.707805 -0.706352 0.00141872
42.52 0 0.142111 -0.10077 0.329608 -0.00760811 0.707801 -0.706369 -0.00154286
42.56 0 0.136163 -0.100902 0.329832 -0.00855453 0.707676 -0.706485 -0.00114384
42.6 0 0.130185 -0.101013 0.32998 -0.00852755 0.707906 -0.706255 -0.000790382
42.64 0 0.124273 -0.101107 0.330354 -0.00952353 0.708096 -0.706051 -0.00132239
42.68 0 0.11789 -0.10108 0.330083 -0.00760633 0.708514 -0.705656 -7.05834e-05
42.72 0 0.111781 -0.101048 0.330169 -0.00837167 0.709131 -0.705027 -0.00027177
42.76 0 0.105937 -0.1011 0.330189 -0.00905058 0.70895 -0.705201 -6.08366e-05
42.8 0 0.100036 -0.101216 0.330308 -0.00793871 0.709168 -0.704994 0.00108605
42.84 0 0.0943243 -0.101237 0.330388 -0.0090481 0.709056 -0.705094 0.000178199
42.88 0 0.0886975 -0.101262 0.330385 -0.00789396 0.709467 -0.704695 -0.000264436
42.92 0 0.0827478 -0.101318 0.330534 -0.0083362 0.709453 -0.704699 0.00258173
42.96 0 0.0766303 -0.101285 0.330558 -0.00860735 0.71006 -0.704085 0.00215027
43 0 0.0711795 -0.101311 0.330365 -0.00822272 0.709864 -0.704287 0.00227883
43.04 0 0.0652866 -0.101242 0.330284 -0.00679376 0.71058 -0.703581 0.00195811
43.08 0 0.0597887 -0.101352 0.330266 -0.00796936 0.710213 -0.703939 0.00213858
43.12 0 0.0547187 -0.101425 0.330399 -0.0079841 0.71026 -0.703892 0.00186225
43.16 0 0.0496259 -0.101471 0.33044 -0.00727036 0.710442 -0.703712 0.00293375
43.2 0 0.0446386 -0.101478 0.330572 -0.00743057 0.710763 -0.703383 0.0035533
43.24 0 0.0404104 -0.101668 0.33084 -0.00980814 0.709914 -0.704217 0.00198231
43.28 0 0.0361275 -0.101645 0.33085 -0.0079186 0.710389 -0.703755 0.00369688
43.32 0 0.0324078 -0.101623 0.330665 -0.00758074 0.710451 -0.703703 0.00213644
43.36 0 0.0287302 -0.101488 0.330486 -0.00900909 0.710798 -0.70333 0.00339506
43.4 0 0.025788 -0.101706 0.331013 -0.00861264 0.710641 -0.703496 0.00281639
43.44 0 0.0221926 -0.101571 0.330548 -0.00776703 0.710951 -0.703191 0.00344778
43.48 0 0.0188626 -0.101574 0.330722 -0.00901729 0.711221 -0.702899 0.00407881
43.52 0 0.0156579 -0.101627 0.330692 -0.00806506 0.711047 -0.703094 0.00242538
43.56 0 0.0123051 -0.101577 0.330672 -0.0089127 0.711299 -0.702815 0.00496452
43.6 0 0.00954151 -0.101653 0.330781 -0.00802074 0.7112 -0.702929 0.00447127
43.64 0 0.00612245 -0.101757 0.331028 -0.0101598 0.711141 -0.702958 0.00493945
43.68 0 0.00308528 -0.101689 0.33081 -0.00812839 0.71131 -0.702814 0.00498075
43.72 0 7.42394e-05 -0.101718 0.330579 -0.00748663 0.711218 -0.702917 0.00453512
43.76 0 -0.00334178 -0.10185 0.330989 -0.00825559 0.711073 -0.703057 0.00411564
43.8 0 -0.00612004 -0.101802 0.330945 -0.00858127 0.711346 -0.702777 0.00408232
43.84 0 -0.00933753 -0.101865 0.331087 -0.0100939 0.711442 -0.702663 0.00355726
43.88 0 -0.0128969 -0.101863 0.330986 -0.00849497 0.711389 -0.702734 0.00434207
43.92 0 -0.0167632 -0.101892 0.331078 -0.00980578 0.711463 -0.702638 0.00483883
43.96 0 -0.0208732 -0.101945 0.331229 -0.00946914 0.711526 -0.702571 0.00590014
44 0 -0.0252627 -0.102036 0.331444 -0.0106601 0.71144 -0.702655 0.00402688
44.04 0 -0.0297349 -0.102106 0.331564 -0.0126109 0.711288 -0.702756 0.00664609
44.08 0 -0.0341839 -0.102048 0.331513 -0.0103893 0.711862 -0.702233 0.00367067
44.12 0 -0.038685 -0.102288 0.332169 -0.0141665 0.711278 -0.702733 0.00704527
44.16 0 -0.0426554 -0.102337 0.33216 -0.0141208 0.711409 -0.702616 0.00544928
44.2 0 -0.0459531 -0.102223 0.332044 -0.0127814 0.711695 -0.702345 0.00620054
44.24 0 -0.0481485 -0.102432 0.332204 -0.0137573 0.711628 -0.702407 0.00449945
44.28 0 -0.0497804 -0.102382 0.332111 -0.0130959 0.711526 -0.702522 0.00471823
44.32 0 -0.051282 -0.102397 0.332323 -0.0137112 0.71163 -0.702402 0.00515515
44.36 0 -0.0519364 -0.102411 0.332189 -0.0140116 0.711515 -0.702504 0.00620017
44.4 0 -0.0518199 -0.102464 0.332287 -0.0143905 0.711317 -0.7027 0.00581909
44.44 0 -0.0517327 -0.10238 0.332125 -0.0136927 0.711505 -0.702519 0.0062799
44.48 0 -0.0518174 -0.102382 0.331953 -0.0136682 0.711325 -0.702701 0.00644885
44.52 0 -0.051725 -0.102379 0.332085 -0.0136806 0.711417 -0.702605 0.00669107
44.56 0 -0.0517037 -0.102376 0.332075 -0.0146547 0.711384 -0.702622 0.00635164
44.6 0 -0.0517746 -0.102389 0.332145 -0.014106 0.71146 -0.702562 0.0057266
44.64 0 -0.0517319 -0.10245 0.332139 -0.0141053 0.711304 -0.702718 0.0060002
44.68 0 -0.0517512 -0.102462 0.332214 -0.0135406 0.711509 -0.702525 0.00555692
44.72 0 -0.0517466 -0.102418 0.332232 -0.0140554 0.71154 -0.702486 0.00518314
44.8 0 -0.0519291 -0.102393 0.332033 -0.0143597 0.711331 -0.702682 0.00628717
44.84 0 -0.0521044 -0.102307 0.331905 -0.0134992 0.711369 -0.702665 0.00581759
44.88 0 -0.0521631 -0.102284 0.33196 -0.0138092 0.711677 -0.702354 0.00481968
44.92 0 -0.0522401 -0.102307 0.332078 -0.0140483 0.711545 -0.702479 0.00547397
44.96 0 -0.0523214 -0.102281 0.332087 -0.0135537 0.711765 -0.702263 0.00580229
45 0 -0.0523033 -0.102398 0.332235 -0.013711 0.711559 -0.702465 0.00624563
45.04 0 -0.052408 -0.102347 0.332252 -0.0142397 0.71167 -0.702345 0.00595086
45.08 0 -0.0525354 -0.102318 0.332309 -0.0146112 0.711718 -0.702297 0.00481106
45.12 0 -0.0525007 -0.10229 0.332173 -0.0148826 0.711599 -0.70241 0.00507789
45.16 0 -0.0524803 -0.102247 0.332116 -0.0142604 0.711654 -0.702362 0.00577341
45.2 0 -0.052387 -0.102168 0.331856 -0.013551 0.711654 -0.702375 0.00586196
45.24 0 -0.0522804 -0.102109 0.331591 -0.013105 0.711803 -0.702239 0.00503778
45.28 0 -0.0524072 -0.102124 0.331684 -0.0134146 0.711603 -0.702435 0.0052044
45.32 0 -0.0526718 -0.102224 0.332142 -0.0160303 0.71157 -0.702405 0.00619542
45.36 0 -0.052763 -0.102152 0.332043 -0.015856 0.711612 -0.702361 0.00671513
45.4 0 -0.0529285 -0.102195 0.332052 -0.0148656 0.711454 -0.702533 0.00770718
45.44 0 -0.053012 -0.102165 0.331993 -0.0153253 0.711423 -0.702558 0.00748354
45.48 0 -0.0529998 -0.102146 0.331882 -0.0140599 0.711387 -0.702612 0.00826198
45.52 0 -0.0532091 -0.102075 0.331922 -0.015323 0.711439 -0.702538 0.00769865
45.56 0 -0.0536655 -0.101979 0.331944 -0.0142272 0.711841 -0.702156 0.00758475
45.6 0 -0.0538291 -0.102088 0.332251 -0.0154984 0.711711 -0.702265 0.00711048
45.64 0 -0.0539344 -0.102259 0.332695 -0.015665 0.711701 -0.702271 0.00718381
45.68 0 -0.0540114 -0.102438 0.332961 -0.0161265 0.71161 -0.702357 0.00681627
45.72 0 -0.0539585 -0.102509 0.333229 -0.0162809 0.711675 -0.702282 0.00737672
45.76 0 -0.0540146 -0.102552 0.333406 -0.0167952 0.711534 -0.702403 0.0082134
45.8 0 -0.0541512 -0.102481 0.333154 -0.0150733 0.711602 -0.702382 0.00743906
45.84 0 -0.0542775 -0.10242 0.333129 -0.0159197 0.711613 -0.702345 0.00810442
45.88 0 -0.0541823 -0.10241 0.332989 -0.0145012 0.711554 -0.702441 0.0075656
45.92 0 -0.0541855 -0.102434 0.333125 -0.0161511 0.711662 -0.702295 0.00757424
45.96 0 -0.0543674 -0.102474 0.333185 -0.0155726 0.711377 -0.702584 0.00875643
46 0 -0.0547264 -0.102532 0.333621 -0.017252 0.711563 -0.702345 0.00958818
46.04 0 -0.0543973 -0.102507 0.333268 -0.0157799 0.711518 -0.702442 0.00826543
46.08 0 -0.0540558 -0.10247 0.333248 -0.015277 0.71183 -0.702151 0.00698876
46.12 0 -0.054262 -0.102554 0.333608 -0.0162764 0.711587 -0.702353 0.0088849
46.16 0 -0.0546418 -0.102721 0.334038 -0.0181058 0.711268 -0.702633 0.00880408
46.2 0 -0.0543989 -0.102687 0.333846 -0.0153968 0.711555 -0.702402 0.00917878
46.24 0 -0.05405 -0.102808 0.333974 -0.0162919 0.71157 -0.702394 0.0067539
46.28 0 -0.0540764 -0.102922 0.334259 -0.0170962 0.711553 -0.702391 0.00687704
46.32 0 -0.0544474 -0.102931 0.334402 -0.0162241 0.711417 -0.70253 0.00865369
46.36 0 -0.0544207 -0.102827 0.334051 -0.0139634 0.711571 -0.70242 0.00878826
46.4 0 -0.0541291 -0.102915 0.334248 -0.0164098 0.711451 -0.702499 0.00794283
46.44 0 -0.0539763 -0.103122 0.334858 -0.0175574 0.711649 -0.702297 0.0051601
46.48 0 -0.0542248 -0.103131 0.334925 -0.016323 0.711742 -0.702215 0.00712772
46.52 0 -0.0543447 -0.10325 0.33518 -0.0167571 0.711563 -0.70238 0.00769016
46.56 0 -0.0540538 -0.103164 0.334973 -0.0166064 0.711779 -0.702182 0.00594094
46.6 0 -0.053928 -0.10319 0.335028 -0.0177896 0.71168 -0.702255 0.00581441
46.64 0 -0.0541424 -0.103116 0.334985 -0.0180166 0.711632 -0.702292 0.00646403
46.68 0 -0.0542624 -0.103207 0.335191 -0.0184456 0.711473 -0.702426 0.0079496
46.72 0 -0.0540978 -0.103109 0.334846 -0.0161625 0.711732 -0.702233 0.00671903
46.76 0 -0.0538069 -0.103188 0.334919 -0.0163016 0.711676 -0.702296 0.00571397
46.8 0 -0.0539906 -0.103098 0.334855 -0.0183366 0.711767 -0.702154 0.00558332
46.84 0 -0.0541864 -0.10303 0.334534 -0.0172311 0.711546 -0.702391 0.00722078
46.88 0 -0.0541147 -0.103015 0.334473 -0.0173697 0.711545 -0.70239 0.0071258
46.92 0 -0.0539441 -0.102999 0.334421 -0.0164998 0.711614 -0.702351 0.00602803
46.96 0 -0.0538502 -0.103037 0.334534 -0.0169545 0.711576 -0.702381 0.00573284
47 0 -0.0541233 -0.102958 0.334521 -0.0173091 0.71187 -0.702071 0.00613749
47.04 0 -0.0541353 -0.103094 0.334657 -0.017538 0.711353 -0.702583 0.00682815
47.08 0 -0.0538382 -0.103121 0.334746 -0.017871 0.711568 -0.702369 0.00536453
47.12 0 -0.0538065 -0.103062 0.334792 -0.017409 0.711752 -0.702197 0.00500044
47.16 0 -0.053978 -0.103011 0.334505 -0.0172373 0.711607 -0.70234 0.00609087
47.2 0 -0.0540788 -0.102985 0.334412 -0.0170378 0.711614 -0.702342 0.00548495
47.24 0 -0.0539476 -0.102975 0.334631 -0.0177268 0.711796 -0.702136 0.00616577
47.28 0 -0.0536251 -0.103166 0.33483 -0.0181582 0.711295 -0.702629 0.00646852
47.32 0 -0.0538458 -0.103044 0.334711 -0.0179941 0.711636 -0.7023 0.00506867
47.36 0 -0.0539476 -0.103083 0.334808 -0.0184391 0.711613 -0.702309 0.00540112
47.4 0 -0.0538198 -0.103134 0.33494 -0.0182874 0.711526 -0.702395 0.00615414
47.44 0 -0.0535519 -0.103179 0.334996 -0.0184881 0.711216 -0.702684 0.00803151
47.48 0 -0.0536035 -0.103092 0.334709 -0.0174652 0.711337 -0.702598 0.00712059
47.52 0 -0.0538385 -0.103016 0.334581 -0.017562 0.711412 -0.702527 0.00636542
47.56 0 -0.0537151 -0.10307 0.334673 -0.0184289 0.711251 -0.702665 0.00667312
47.6 0 -0.0534742 -0.103144 0.334678 -0.0178415 0.711022 -0.702887 0.00887728
47.64 0 -0.0535384 -0.103149 0.334899 -0.0182005 0.711322 -0.702588 0.00781313
47.68 0 -0.0536526 -0.103184 0.335037 -0.0193233 0.711284 -0.702608 0.00661165
47.72 0 -0.0537285 -0.103132 0.334853 -0.018619 0.711372 -0.702542 0.00615788
47.76 0 -0.0535099 -0.10314 0.334735 -0.017983 0.711181 -0.702739 0.00757367
47.8 0 -0.0534457 -0.103176 0.334855 -0.0188023 0.711159 -0.702735 0.00792245
47.84 0 -0.053672 -0.103121 0.334784 -0.0187078 0.711008 -0.702888 0.00807606
47.88 0 -0.0537377 -0.103114 0.334905 -0.0194553 0.711414 -0.702481 0.00566019
47.92 0 -0.0535753 -0.103107 0.334743 -0.0181057 0.711083 -0.702817 0.00902414
47.96 0 -0.0534885 -0.103172 0.334684 -0.0167647 0.711177 -0.702772 0.00758869
48 0 -0.0536319 -0.103156 0.334926 -0.0188092 0.711266 -0.702634 0.00719775
48.04 0 -0.0537894 -0.103118 0.334774 -0.0180325 0.711302 -0.702622 0.00679012
48.08 0 -0.0536274 -0.103183 0.334823 -0.0186157 0.711155 -0.70276 0.00627224
48.12 0 -0.0535435 -0.10314 0.334786 -0.0170497 0.711336 -0.7026 0.00795326
48.16 0 -0.0535976 -0.103202 0.334841 -0.0180912 0.711157 -0.702766 0.00696655
48.2 0 -0.053797 -0.103051 0.334708 -0.0182797 0.711529 -0.702391 0.0062722
48.24 0 -0.0537795 -0.103029 0.334576 -0.0177506 0.711483 -0.702455 0.00577484
48.28 0 -0.0535031 -0.103122 0.334743 -0.0183313 0.711241 -0.702665 0.00786038
48.32 0 -0.0535649 -0.103215 0.334911 -0.0182056 0.711029 -0.702886 0.00761275
48.36 0 -0.0537559 -0.103069 0.334717 -0.0180048 0.711455 -0.702471 0.0065188
48.4 0 -0.053733 -0.10307 0.334633 -0.0179616 0.711373 -0.702557 0.00630685
48.44 0 -0.0535678 -0.103196 0.334952 -0.0186092 0.711203 -0.702701 0.00739018
48.48 0 -0.0535557 -0.103116 0.334758 -0.0182383 0.711203 -0.702705 0.00791982
48.52 0 -0.0537225 -0.103021 0.334514 -0.0167233 0.711529 -0.702423 0.00700766
48.56 0 -0.0537481 -0.103109 0.3348 -0.0189586 0.7113 -0.702605 0.00618713
48.6 0 -0.0535542 -0.103257 0.335097 -0.0178486 0.711184 -0.702738 0.00768405
48.64 0 -0.053522 -0.103202 0.334932 -0.0182627 0.711148 -0.702755 0.00845125
48.68 0 -0.0536466 -0.103129 0.334898 -0.0187446 0.71138 -0.702524 0.00686164
48.72 0 -0.0537769 -0.103046 0.334775 -0.0183918 0.71147 -0.70244 0.00703266
48.76 0 -0.0536286 -0.103116 0.33487 -0.0185412 0.711247 -0.702659 0.00737284
48.8 0 -0.0534974 -0.103206 0.334972 -0.018165 0.711063 -0.702841 0.00861672
48.84 0 -0.053616 -0.103185 0.334915 -0.0183697 0.711186 -0.702725 0.00736009
48.88 0 -0.0536947 -0.103202 0.335018 -0.0191534 0.711144 -0.702753 0.00675521
48.92 0 -0.053661 -0.103173 0.334991 -0.0187432 0.711294 -0.702615 0.00649451
48.96 0 -0.0535106 -0.103162 0.334877 -0.017547 0.711328 -0.702595 0.00799394
49 0 -0.0535304 -0.103167 0.334811 -0.0186113 0.711036 -0.702877 0.00676158
49.04 0 -0.0537762 -0.103023 0.334565 -0.0166646 0.711562 -0.702388 0.00724062
49.08 0 -0.0536511 -0.103142 0.334822 -0.018108 0.711164 -0.702762 0.00661013
49.12 0 -0.0535246 -0.103146 0.334732 -0.018055 0.711081 -0.702837 0.00763385
49.16 0 -0.0535427 -0.103142 0.334709 -0.0177442 0.711147 -0.702776 0.0077977
49.2 0 -0.0536276 -0.103184 0.334859 -0.0181065 0.71107 -0.702846 0.00766461
49.24 0 -0.0537419 -0.103055 0.334701 -0.0168128 0.711623 -0.702321 0.0074642
49.28 0 -0.0535364 -0.103183 0.334991 -0.0183367 0.711167 -0.70274 0.00782679
49.32 0 -0.0535108 -0.103088 0.334575 -0.0170637 0.711223 -0.702721 0.00729108
49.36 0 -0.0536724 -0.103107 0.334909 -0.018647 0.711368 -0.702541 0.00671709
49.4 0 -0.0537343 -0.103065 0.334649 -0.0175777 0.711358 -0.702582 0.00625233
49.44 0 -0.0536098 -0.103127 0.334847 -0.018601 0.711173 -0.702729 0.0076639
49.48 0 -0.0535006 -0.103206 0.334906 -0.0183803 0.711166 -0.702746 0.00737454
49.52 0 -0.0535985 -0.103173 0.334863 -0.0177576 0.711226 -0.702699 0.0075108
49.56 0 -0.0537112 -0.103088 0.334831 -0.0184269 0.711553 -0.702359 0.00666578
49.6 0 -0.0536138 -0.103114 0.334788 -0.0184699 0.711118 -0.702782 0.00815608
49.64 0 -0.0535093 -0.103122 0.334783 -0.0183792 0.71116 -0.702741 0.00832116
49.68 0 -0.0535806 -0.103152 0.334962 -0.0186557 0.711331 -0.702575 0.00706449
49.72 0 -0.0537294 -0.103071 0.33463 -0.0179899 0.711246 -0.702681 0.00680214
49.76 0 -0.0536345 -0.103092 0.334731 -0.0175491 0.711197 -0.702731 0.00769081
49.8 0 -0.0535245 -0.103098 0.334709 -0.0166276 0.711376 -0.702571 0.00782835
49.84 0 -0.0535587 -0.103145 0.334819 -0.0175745 0.711301 -0.702622 0.00802692
49.88 0 -0.0536284 -0.103184 0.334741 -0.0175873 0.711139 -0.702799 0.00669707
49.92 0 -0.0536672 -0.103075 0.334865 -0.0187858 0.711422 -0.70247 0.00783666
49.96 0 -0.0535645 -0.103113 0.334769 -0.0177963 0.71133 -0.702594 0.00731146
50 0 -0.053509 -0.10311 0.334723 -0.0180219 0.71117 -0.702739 0.00832668
50.04 0 -0.053664 -0.103098 0.334623 -0.0170926 0.711334 -0.702604 0.00772092
50.08 0 -0.0536671 -0.103109 0.334759 -0.0180747 0.711199 -0.702714 0.00785177
50.12 0 -0.0535583 -0.103126 0.334847 -0.0186618 0.711217 -0.70268 0.00794102
50.16 0 -0.0535172 -0.103174 0.334825 -0.0177051 0.711236 -0.702689 0.00755639
50.2 0 -0.053608 -0.103139 0.334838 -0.0182651 0.71113 -0.702779 0.0078385
50.24 0 -0.0536631 -0.103137 0.334801 -0.0183936 0.711313 -0.702605 0.00649668
50.28 0 -0.0535812 -0.103115 0.334752 -0.0177253 0.711167 -0.702758 0.00757559
50.32 0 -0.0535199 -0.103094 0.33466 -0.0169454 0.711246 -0.702694 0.00789233
50.36 0 -0.0535772 -0.103128 0.334876 -0.018875 0.711051 -0.702837 0.00838744
50.4 0 -0.0536749 -0.103095 0.334805 -0.018062 0.711344 -0.702573 0.00735339
50.44 0 -0.0536298 -0.103118 0.334724 -0.0173991 0.711168 -0.702751 0.00885555
50.48 0 -0.053518 -0.103126 0.334824 -0.0187253 0.711152 -0.702742 0.0080735
50.52 0 -0.0535459 -0.103156 0.33475 -0.0176897 0.711161 -0.702762 0.00788553
50.56 0 -0.0536505 -0.103094 0.334715 -0.017739 0.711229 -0.702698 0.00732363
50.6 0 -0.0536528 -0.103102 0.334834 -0.0187594 0.711309 -0.702585 0.0078301
50.64 0 -0.0535702 -0.1031 0.334825 -0.0181614 0.71133 -0.702581 0.00772588
50.68 0 -0.053504 -0.103088 0.334602 -0.0173792 0.71125 -0.70268 0.00793053
50.72 0 -0.0536258 -0.103121 0.334729 -0.0178375 0.711272 -0.702652 0.00737193
50.76 0 -0.0536431 -0.103157 0.334839 -0.017371 0.711274 -0.702652 0.00823584
50.8 0 -0.0535501 -0.103156 0.334935 -0.0184469 0.71124 -0.702665 0.00765485
50.84 0 -0.0535173 -0.103186 0.334917 -0.0186064 0.711035 -0.702853 0.00898444
50.88 0 -0.0535922 -0.103128 0.334774 -0.0172625 0.711313 -0.702626 0.00721541
50.92 0 -0.0536524 -0.103143 0.334893 -0.0197014 0.711216 -0.702657 0.00757132
50.96 0 -0.0535727 -0.103113 0.334737 -0.0174081 0.71129 -0.702642 0.00767125
51 0 -0.053514 -0.103079 0.334673 -0.0167141 0.711362 -0.702588 0.00743049
51.04 0 -0.0535971 -0.103152 0.334869 -0.0177077 0.711306 -0.702616 0.0077289
51.08 0 -0.0536383 -0.103185 0.33501 -0.0186187 0.711299 -0.702603 0.00746806
51.12 0 -0.0535932 -0.103184 0.33473 -0.0171533 0.711006 -0.70293 0.00810875
51.16 0 -0.0534925 -0.103175 0.334858 -0.0183027 0.711126 -0.702786 0.00750172
51.2 0 -0.0535907 -0.103121 0.334849 -0.0179683 0.711378 -0.70254 0.00751258
51.24 0 -0.0536575 -0.103064 0.334776 -0.0180543 0.711391 -0.702523 0.00767403
51.28 0 -0.0536069 -0.103135 0.334839 -0.0186671 0.71137 -0.702536 0.00680472
51.32 0 -0.0535276 -0.103201 0.33488 -0.0177053 0.71124 -0.702687 0.00740311
51.36 0 -0.0535366 -0.103194 0.334792 -0.0176242 0.711035 -0.702889 0.00811607
51.4 0 -0.0536068 -0.103169 0.334923 -0.0187202 0.711134 -0.702769 0.00730231
51.44 0 -0.0535979 -0.103157 0.334875 -0.0189026 0.711161 -0.702727 0.0082097
51.48 0 -0.0535322 -0.103164 0.334782 -0.0179041 0.711053 -0.702863 0.0081426
51.52 0 -0.053526 -0.103134 0.334739 -0.0174054 0.711132 -0.702786 0.00895135
51.56 0 -0.0536413 -0.103089 0.334871 -0.0188223 0.71146 -0.702437 0.00719374
51.6 0 -0.0536343 -0.103139 0.334953 -0.0187806 0.711234 -0.70266 0.00796125
